17.990000	10.380000	122.800000	1001.000000	0.118400	0.277600	0.300100	0.147100	0.241900	0.078710	1.095000	0.905300	8.589000	153.400000	0.006399	0.049040	0.053730	0.015870	0.030030	0.006193	25.380000	17.330000	184.600000	2019.000000	0.162200	0.665600	0.711900	0.265400	0.460100	0.118900
20.570000	17.770000	132.900000	1326.000000	0.084740	0.078640	0.086900	0.070170	0.181200	0.056670	0.543500	0.733900	3.398000	74.080000	0.005225	0.013080	0.018600	0.013400	0.013890	0.003532	24.990000	23.410000	158.800000	1956.000000	0.123800	0.186600	0.241600	0.186000	0.275000	0.089020
19.690000	21.250000	130.000000	1203.000000	0.109600	0.159900	0.197400	0.127900	0.206900	0.059990	0.745600	0.786900	4.585000	94.030000	0.006150	0.040060	0.038320	0.020580	0.022500	0.004571	23.570000	25.530000	152.500000	1709.000000	0.144400	0.424500	0.450400	0.243000	0.361300	0.087580
11.420000	20.380000	77.580000	386.100000	0.142500	0.283900	0.241400	0.105200	0.259700	0.097440	0.495600	1.156000	3.445000	27.230000	0.009110	0.074580	0.056610	0.018670	0.059630	0.009208	14.910000	26.500000	98.870000	567.700000	0.209800	0.866300	0.686900	0.257500	0.663800	0.173000
20.290000	14.340000	135.100000	1297.000000	0.100300	0.132800	0.198000	0.104300	0.180900	0.058830	0.757200	0.781300	5.438000	94.440000	0.011490	0.024610	0.056880	0.018850	0.017560	0.005115	22.540000	16.670000	152.200000	1575.000000	0.137400	0.205000	0.400000	0.162500	0.236400	0.076780
12.450000	15.700000	82.570000	477.100000	0.127800	0.170000	0.157800	0.080890	0.208700	0.076130	0.334500	0.890200	2.217000	27.190000	0.007510	0.033450	0.036720	0.011370	0.021650	0.005082	15.470000	23.750000	103.400000	741.600000	0.179100	0.524900	0.535500	0.174100	0.398500	0.124400
18.250000	19.980000	119.600000	1040.000000	0.094630	0.109000	0.112700	0.074000	0.179400	0.057420	0.446700	0.773200	3.180000	53.910000	0.004314	0.013820	0.022540	0.010390	0.013690	0.002179	22.880000	27.660000	153.200000	1606.000000	0.144200	0.257600	0.378400	0.193200	0.306300	0.083680
13.710000	20.830000	90.200000	577.900000	0.118900	0.164500	0.093660	0.059850	0.219600	0.074510	0.583500	1.377000	3.856000	50.960000	0.008805	0.030290	0.024880	0.014480	0.014860	0.005412	17.060000	28.140000	110.600000	897.000000	0.165400	0.368200	0.267800	0.155600	0.319600	0.115100
13.000000	21.820000	87.500000	519.800000	0.127300	0.193200	0.185900	0.093530	0.235000	0.073890	0.306300	1.002000	2.406000	24.320000	0.005731	0.035020	0.035530	0.012260	0.021430	0.003749	15.490000	30.730000	106.200000	739.300000	0.170300	0.540100	0.539000	0.206000	0.437800	0.107200
12.460000	24.040000	83.970000	475.900000	0.118600	0.239600	0.227300	0.085430	0.203000	0.082430	0.297600	1.599000	2.039000	23.940000	0.007149	0.072170	0.077430	0.014320	0.017890	0.010080	15.090000	40.680000	97.650000	711.400000	0.185300	1.058000	1.105000	0.221000	0.436600	0.207500
16.020000	23.240000	102.700000	797.800000	0.082060	0.066690	0.032990	0.033230	0.152800	0.056970	0.379500	1.187000	2.466000	40.510000	0.004029	0.009269	0.011010	0.007591	0.014600	0.003042	19.190000	33.880000	123.800000	1150.000000	0.118100	0.155100	0.145900	0.099750	0.294800	0.084520
15.780000	17.890000	103.600000	781.000000	0.097100	0.129200	0.099540	0.066060	0.184200	0.060820	0.505800	0.984900	3.564000	54.160000	0.005771	0.040610	0.027910	0.012820	0.020080	0.004144	20.420000	27.280000	136.500000	1299.000000	0.139600	0.560900	0.396500	0.181000	0.379200	0.104800
19.170000	24.800000	132.400000	1123.000000	0.097400	0.245800	0.206500	0.111800	0.239700	0.078000	0.955500	3.568000	11.070000	116.200000	0.003139	0.082970	0.088900	0.040900	0.044840	0.012840	20.960000	29.940000	151.700000	1332.000000	0.103700	0.390300	0.363900	0.176700	0.317600	0.102300
15.850000	23.950000	103.700000	782.700000	0.084010	0.100200	0.099380	0.053640	0.184700	0.053380	0.403300	1.078000	2.903000	36.580000	0.009769	0.031260	0.050510	0.019920	0.029810	0.003002	16.840000	27.660000	112.000000	876.500000	0.113100	0.192400	0.232200	0.111900	0.280900	0.062870
13.730000	22.610000	93.600000	578.300000	0.113100	0.229300	0.212800	0.080250	0.206900	0.076820	0.212100	1.169000	2.061000	19.210000	0.006429	0.059360	0.055010	0.016280	0.019610	0.008093	15.030000	32.010000	108.800000	697.700000	0.165100	0.772500	0.694300	0.220800	0.359600	0.143100
14.540000	27.540000	96.730000	658.800000	0.113900	0.159500	0.163900	0.073640	0.230300	0.070770	0.370000	1.033000	2.879000	32.550000	0.005607	0.042400	0.047410	0.010900	0.018570	0.005466	17.460000	37.130000	124.100000	943.200000	0.167800	0.657700	0.702600	0.171200	0.421800	0.134100
14.680000	20.130000	94.740000	684.500000	0.098670	0.072000	0.073950	0.052590	0.158600	0.059220	0.472700	1.240000	3.195000	45.400000	0.005718	0.011620	0.019980	0.011090	0.014100	0.002085	19.070000	30.880000	123.400000	1138.000000	0.146400	0.187100	0.291400	0.160900	0.302900	0.082160
16.130000	20.680000	108.100000	798.800000	0.117000	0.202200	0.172200	0.102800	0.216400	0.073560	0.569200	1.073000	3.854000	54.180000	0.007026	0.025010	0.031880	0.012970	0.016890	0.004142	20.960000	31.480000	136.800000	1315.000000	0.178900	0.423300	0.478400	0.207300	0.370600	0.114200
19.810000	22.150000	130.000000	1260.000000	0.098310	0.102700	0.147900	0.094980	0.158200	0.053950	0.758200	1.017000	5.865000	112.400000	0.006494	0.018930	0.033910	0.015210	0.013560	0.001997	27.320000	30.880000	186.800000	2398.000000	0.151200	0.315000	0.537200	0.238800	0.276800	0.076150
13.540000	14.360000	87.460000	566.300000	0.097790	0.081290	0.066640	0.047810	0.188500	0.057660	0.269900	0.788600	2.058000	23.560000	0.008462	0.014600	0.023870	0.013150	0.019800	0.002300	15.110000	19.260000	99.700000	711.200000	0.144000	0.177300	0.239000	0.128800	0.297700	0.072590
13.080000	15.710000	85.630000	520.000000	0.107500	0.127000	0.045680	0.031100	0.196700	0.068110	0.185200	0.747700	1.383000	14.670000	0.004097	0.018980	0.016980	0.006490	0.016780	0.002425	14.500000	20.490000	96.090000	630.500000	0.131200	0.277600	0.189000	0.072830	0.318400	0.081830
9.504000	12.440000	60.340000	273.900000	0.102400	0.064920	0.029560	0.020760	0.181500	0.069050	0.277300	0.976800	1.909000	15.700000	0.009606	0.014320	0.019850	0.014210	0.020270	0.002968	10.230000	15.660000	65.130000	314.900000	0.132400	0.114800	0.088670	0.062270	0.245000	0.077730
15.340000	14.260000	102.500000	704.400000	0.107300	0.213500	0.207700	0.097560	0.252100	0.070320	0.438800	0.709600	3.384000	44.910000	0.006789	0.053280	0.064460	0.022520	0.036720	0.004394	18.070000	19.080000	125.100000	980.900000	0.139000	0.595400	0.630500	0.239300	0.466700	0.099460
21.160000	23.040000	137.200000	1404.000000	0.094280	0.102200	0.109700	0.086320	0.176900	0.052780	0.691700	1.127000	4.303000	93.990000	0.004728	0.012590	0.017150	0.010380	0.010830	0.001987	29.170000	35.590000	188.000000	2615.000000	0.140100	0.260000	0.315500	0.200900	0.282200	0.075260
16.650000	21.380000	110.000000	904.600000	0.112100	0.145700	0.152500	0.091700	0.199500	0.063300	0.806800	0.901700	5.455000	102.600000	0.006048	0.018820	0.027410	0.011300	0.014680	0.002801	26.460000	31.560000	177.000000	2215.000000	0.180500	0.357800	0.469500	0.209500	0.361300	0.095640
17.140000	16.400000	116.000000	912.700000	0.118600	0.227600	0.222900	0.140100	0.304000	0.074130	1.046000	0.976000	7.276000	111.400000	0.008029	0.037990	0.037320	0.023970	0.023080	0.007444	22.250000	21.400000	152.400000	1461.000000	0.154500	0.394900	0.385300	0.255000	0.406600	0.105900
14.580000	21.530000	97.410000	644.800000	0.105400	0.186800	0.142500	0.087830	0.225200	0.069240	0.254500	0.983200	2.110000	21.050000	0.004452	0.030550	0.026810	0.013520	0.014540	0.003711	17.620000	33.210000	122.400000	896.900000	0.152500	0.664300	0.553900	0.270100	0.426400	0.127500
18.610000	20.250000	122.100000	1094.000000	0.094400	0.106600	0.149000	0.077310	0.169700	0.056990	0.852900	1.849000	5.632000	93.540000	0.010750	0.027220	0.050810	0.019110	0.022930	0.004217	21.310000	27.260000	139.900000	1403.000000	0.133800	0.211700	0.344600	0.149000	0.234100	0.074210
15.300000	25.270000	102.400000	732.400000	0.108200	0.169700	0.168300	0.087510	0.192600	0.065400	0.439000	1.012000	3.498000	43.500000	0.005233	0.030570	0.035760	0.010830	0.017680	0.002967	20.270000	36.710000	149.300000	1269.000000	0.164100	0.611000	0.633500	0.202400	0.402700	0.098760
17.570000	15.050000	115.000000	955.100000	0.098470	0.115700	0.098750	0.079530	0.173900	0.061490	0.600300	0.822500	4.655000	61.100000	0.005627	0.030330	0.034070	0.013540	0.019250	0.003742	20.010000	19.520000	134.900000	1227.000000	0.125500	0.281200	0.248900	0.145600	0.275600	0.079190
18.630000	25.110000	124.800000	1088.000000	0.106400	0.188700	0.231900	0.124400	0.218300	0.061970	0.830700	1.466000	5.574000	105.000000	0.006248	0.033740	0.051960	0.011580	0.020070	0.004560	23.150000	34.010000	160.500000	1670.000000	0.149100	0.425700	0.613300	0.184800	0.344400	0.097820
11.840000	18.700000	77.930000	440.600000	0.110900	0.151600	0.121800	0.051820	0.230100	0.077990	0.482500	1.030000	3.475000	41.000000	0.005551	0.034140	0.042050	0.010440	0.022730	0.005667	16.820000	28.120000	119.400000	888.700000	0.163700	0.577500	0.695600	0.154600	0.476100	0.140200
17.020000	23.980000	112.800000	899.300000	0.119700	0.149600	0.241700	0.120300	0.224800	0.063820	0.600900	1.398000	3.999000	67.780000	0.008268	0.030820	0.050420	0.011120	0.021020	0.003854	20.880000	32.090000	136.100000	1344.000000	0.163400	0.355900	0.558800	0.184700	0.353000	0.084820
19.270000	26.470000	127.900000	1162.000000	0.094010	0.171900	0.165700	0.075930	0.185300	0.062610	0.555800	0.606200	3.528000	68.170000	0.005015	0.033180	0.034970	0.009643	0.015430	0.003896	24.150000	30.900000	161.400000	1813.000000	0.150900	0.659000	0.609100	0.178500	0.367200	0.112300
16.130000	17.880000	107.000000	807.200000	0.104000	0.155900	0.135400	0.077520	0.199800	0.065150	0.334000	0.685700	2.183000	35.030000	0.004185	0.028680	0.026640	0.009067	0.017030	0.003817	20.210000	27.260000	132.700000	1261.000000	0.144600	0.580400	0.527400	0.186400	0.427000	0.123300
16.740000	21.590000	110.100000	869.500000	0.096100	0.133600	0.134800	0.060180	0.189600	0.056560	0.461500	0.919700	3.008000	45.190000	0.005776	0.024990	0.036950	0.011950	0.027890	0.002665	20.010000	29.020000	133.500000	1229.000000	0.156300	0.383500	0.540900	0.181300	0.486300	0.086330
14.250000	21.720000	93.630000	633.000000	0.098230	0.109800	0.131900	0.055980	0.188500	0.061250	0.286000	1.019000	2.657000	24.910000	0.005878	0.029950	0.048150	0.011610	0.020280	0.004022	15.890000	30.360000	116.200000	799.600000	0.144600	0.423800	0.518600	0.144700	0.359100	0.101400
13.030000	18.420000	82.610000	523.800000	0.089830	0.037660	0.025620	0.029230	0.146700	0.058630	0.183900	2.342000	1.170000	14.160000	0.004352	0.004899	0.013430	0.011640	0.026710	0.001777	13.300000	22.810000	84.460000	545.900000	0.097010	0.046190	0.048330	0.050130	0.198700	0.061690
14.990000	25.200000	95.540000	698.800000	0.093870	0.051310	0.023980	0.028990	0.156500	0.055040	1.214000	2.188000	8.077000	106.000000	0.006883	0.010940	0.018180	0.019170	0.007882	0.001754	14.990000	25.200000	95.540000	698.800000	0.093870	0.051310	0.023980	0.028990	0.156500	0.055040
13.480000	20.820000	88.400000	559.200000	0.101600	0.125500	0.106300	0.054390	0.172000	0.064190	0.213000	0.591400	1.545000	18.520000	0.005367	0.022390	0.030490	0.012620	0.013770	0.003187	15.530000	26.020000	107.300000	740.400000	0.161000	0.422500	0.503000	0.225800	0.280700	0.107100
13.440000	21.580000	86.180000	563.000000	0.081620	0.060310	0.031100	0.020310	0.178400	0.055870	0.238500	0.826500	1.572000	20.530000	0.003280	0.011020	0.013900	0.006881	0.013800	0.001286	15.930000	30.250000	102.500000	787.900000	0.109400	0.204300	0.208500	0.111200	0.299400	0.071460
10.950000	21.350000	71.900000	371.100000	0.122700	0.121800	0.104400	0.056690	0.189500	0.068700	0.236600	1.428000	1.822000	16.970000	0.008064	0.017640	0.025950	0.010370	0.013570	0.003040	12.840000	35.340000	87.220000	514.000000	0.190900	0.269800	0.402300	0.142400	0.296400	0.096060
19.070000	24.810000	128.300000	1104.000000	0.090810	0.219000	0.210700	0.099610	0.231000	0.063430	0.981100	1.666000	8.830000	104.900000	0.006548	0.100600	0.097230	0.026380	0.053330	0.007646	24.090000	33.170000	177.400000	1651.000000	0.124700	0.744400	0.724200	0.249300	0.467000	0.103800
13.280000	20.280000	87.320000	545.200000	0.104100	0.143600	0.098470	0.061580	0.197400	0.067820	0.370400	0.824900	2.427000	31.330000	0.005072	0.021470	0.021850	0.009560	0.017190	0.003317	17.380000	28.000000	113.100000	907.200000	0.153000	0.372400	0.366400	0.149200	0.373900	0.102700
13.170000	21.810000	85.420000	531.500000	0.097140	0.104700	0.082590	0.052520	0.174600	0.061770	0.193800	0.612300	1.334000	14.490000	0.003350	0.013840	0.014520	0.006853	0.011130	0.001720	16.230000	29.890000	105.500000	740.700000	0.150300	0.390400	0.372800	0.160700	0.369300	0.096180
18.650000	17.600000	123.700000	1076.000000	0.109900	0.168600	0.197400	0.100900	0.190700	0.060490	0.628900	0.663300	4.293000	71.560000	0.006294	0.039940	0.055540	0.016950	0.024280	0.003535	22.820000	21.320000	150.600000	1567.000000	0.167900	0.509000	0.734500	0.237800	0.379900	0.091850
8.196000	16.840000	51.710000	201.900000	0.086000	0.059430	0.015880	0.005917	0.176900	0.065030	0.156300	0.956700	1.094000	8.205000	0.008968	0.016460	0.015880	0.005917	0.025740	0.002582	8.964000	21.960000	57.260000	242.200000	0.129700	0.135700	0.068800	0.025640	0.310500	0.074090
13.170000	18.660000	85.980000	534.600000	0.115800	0.123100	0.122600	0.073400	0.212800	0.067770	0.287100	0.893700	1.897000	24.250000	0.006532	0.023360	0.029050	0.012150	0.017430	0.003643	15.670000	27.950000	102.800000	759.400000	0.178600	0.416600	0.500600	0.208800	0.390000	0.117900
12.050000	14.630000	78.040000	449.300000	0.103100	0.090920	0.065920	0.027490	0.167500	0.060430	0.263600	0.729400	1.848000	19.870000	0.005488	0.014270	0.023220	0.005660	0.014280	0.002422	13.760000	20.700000	89.880000	582.600000	0.149400	0.215600	0.305000	0.065480	0.274700	0.083010
13.490000	22.300000	86.910000	561.000000	0.087520	0.076980	0.047510	0.033840	0.180900	0.057180	0.233800	1.353000	1.735000	20.200000	0.004455	0.013820	0.020950	0.011840	0.016410	0.001956	15.150000	31.820000	99.000000	698.800000	0.116200	0.171100	0.228200	0.128200	0.287100	0.069170
11.760000	21.600000	74.720000	427.900000	0.086370	0.049660	0.016570	0.011150	0.149500	0.058880	0.406200	1.210000	2.635000	28.470000	0.005857	0.009758	0.011680	0.007445	0.024060	0.001769	12.980000	25.720000	82.980000	516.500000	0.108500	0.086150	0.055230	0.037150	0.243300	0.065630
13.640000	16.340000	87.210000	571.800000	0.076850	0.060590	0.018570	0.017230	0.135300	0.059530	0.187200	0.923400	1.449000	14.550000	0.004477	0.011770	0.010790	0.007956	0.013250	0.002551	14.670000	23.190000	96.080000	656.700000	0.108900	0.158200	0.105000	0.085860	0.234600	0.080250
11.940000	18.240000	75.710000	437.600000	0.082610	0.047510	0.019720	0.013490	0.186800	0.061100	0.227300	0.632900	1.520000	17.470000	0.007210	0.008380	0.013110	0.008000	0.019960	0.002635	13.100000	21.330000	83.670000	527.200000	0.114400	0.089060	0.092030	0.062960	0.278500	0.074080
18.220000	18.700000	120.300000	1033.000000	0.114800	0.148500	0.177200	0.106000	0.209200	0.063100	0.833700	1.593000	4.877000	98.810000	0.003899	0.029610	0.028170	0.009222	0.026740	0.005126	20.600000	24.130000	135.100000	1321.000000	0.128000	0.229700	0.262300	0.132500	0.302100	0.079870
15.100000	22.020000	97.260000	712.800000	0.090560	0.070810	0.052530	0.033340	0.161600	0.056840	0.310500	0.833900	2.097000	29.910000	0.004675	0.010300	0.016030	0.009222	0.010950	0.001629	18.100000	31.690000	117.700000	1030.000000	0.138900	0.205700	0.271200	0.153000	0.267500	0.078730
11.520000	18.750000	73.340000	409.000000	0.095240	0.054730	0.030360	0.022780	0.192000	0.059070	0.324900	0.959100	2.183000	23.470000	0.008328	0.008722	0.013490	0.008670	0.032180	0.002386	12.840000	22.470000	81.810000	506.200000	0.124900	0.087200	0.090760	0.063160	0.330600	0.070360
19.210000	18.570000	125.500000	1152.000000	0.105300	0.126700	0.132300	0.089940	0.191700	0.059610	0.727500	1.193000	4.837000	102.500000	0.006458	0.023060	0.029450	0.015380	0.018520	0.002608	26.140000	28.140000	170.100000	2145.000000	0.162400	0.351100	0.387900	0.209100	0.353700	0.082940
14.710000	21.590000	95.550000	656.900000	0.113700	0.136500	0.129300	0.081230	0.202700	0.067580	0.422600	1.150000	2.735000	40.090000	0.003659	0.028550	0.025720	0.012720	0.018170	0.004108	17.870000	30.700000	115.700000	985.500000	0.136800	0.429000	0.358700	0.183400	0.369800	0.109400
13.050000	19.310000	82.610000	527.200000	0.080600	0.037890	0.000692	0.004167	0.181900	0.055010	0.404000	1.214000	2.595000	32.960000	0.007491	0.008593	0.000692	0.004167	0.021900	0.002990	14.230000	22.250000	90.240000	624.100000	0.102100	0.061910	0.001845	0.011110	0.243900	0.062890
8.618000	11.790000	54.340000	224.500000	0.097520	0.052720	0.020610	0.007799	0.168300	0.071870	0.155900	0.579600	1.046000	8.322000	0.010110	0.010550	0.019810	0.005742	0.020900	0.002788	9.507000	15.400000	59.900000	274.900000	0.173300	0.123900	0.116800	0.044190	0.322000	0.090260
10.170000	14.880000	64.550000	311.900000	0.113400	0.080610	0.010840	0.012900	0.274300	0.069600	0.515800	1.441000	3.312000	34.620000	0.007514	0.010990	0.007665	0.008193	0.041830	0.005953	11.020000	17.450000	69.860000	368.600000	0.127500	0.098660	0.021680	0.025790	0.355700	0.080200
8.598000	20.980000	54.660000	221.800000	0.124300	0.089630	0.030000	0.009259	0.182800	0.067570	0.358200	2.067000	2.493000	18.390000	0.011930	0.031620	0.030000	0.009259	0.033570	0.003048	9.565000	27.040000	62.060000	273.900000	0.163900	0.169800	0.090010	0.027780	0.297200	0.077120
14.250000	22.150000	96.420000	645.700000	0.104900	0.200800	0.213500	0.086530	0.194900	0.072920	0.703600	1.268000	5.373000	60.780000	0.009407	0.070560	0.068990	0.018480	0.017000	0.006113	17.670000	29.510000	119.100000	959.500000	0.164000	0.624700	0.692200	0.178500	0.284400	0.113200
9.173000	13.860000	59.200000	260.900000	0.077210	0.087510	0.059880	0.021800	0.234100	0.069630	0.409800	2.265000	2.608000	23.520000	0.008738	0.039380	0.043120	0.015600	0.041920	0.005822	10.010000	19.230000	65.590000	310.100000	0.098360	0.167800	0.139700	0.050870	0.328200	0.084900
12.680000	23.840000	82.690000	499.000000	0.112200	0.126200	0.112800	0.068730	0.190500	0.065900	0.425500	1.178000	2.927000	36.460000	0.007781	0.026480	0.029730	0.012900	0.016350	0.003601	17.090000	33.470000	111.800000	888.300000	0.185100	0.406100	0.402400	0.171600	0.338300	0.103100
14.780000	23.940000	97.400000	668.300000	0.117200	0.147900	0.126700	0.090290	0.195300	0.066540	0.357700	1.281000	2.450000	35.240000	0.006703	0.023100	0.023150	0.011840	0.019000	0.003224	17.310000	33.390000	114.600000	925.100000	0.164800	0.341600	0.302400	0.161400	0.332100	0.089110
9.465000	21.010000	60.110000	269.400000	0.104400	0.077730	0.021720	0.015040	0.171700	0.068990	0.235100	2.011000	1.660000	14.200000	0.010520	0.017550	0.017140	0.009333	0.022790	0.004237	10.410000	31.560000	67.030000	330.700000	0.154800	0.166400	0.094120	0.065170	0.287800	0.092110
11.310000	19.040000	71.800000	394.100000	0.081390	0.047010	0.037090	0.022300	0.151600	0.056670	0.272700	0.942900	1.831000	18.150000	0.009282	0.009216	0.020630	0.008965	0.021830	0.002146	12.330000	23.840000	78.000000	466.700000	0.129000	0.091480	0.144400	0.069610	0.240000	0.066410
9.029000	17.330000	58.790000	250.500000	0.106600	0.141300	0.313000	0.043750	0.211100	0.080460	0.327400	1.194000	1.885000	17.670000	0.009549	0.086060	0.303800	0.033220	0.041970	0.009559	10.310000	22.650000	65.500000	324.700000	0.148200	0.436500	1.252000	0.175000	0.422800	0.117500
12.780000	16.490000	81.370000	502.500000	0.098310	0.052340	0.036530	0.028640	0.159000	0.056530	0.236800	0.873200	1.471000	18.330000	0.007962	0.005612	0.015850	0.008662	0.022540	0.001906	13.460000	19.760000	85.670000	554.900000	0.129600	0.070610	0.103900	0.058820	0.238300	0.064100
18.940000	21.310000	123.600000	1130.000000	0.090090	0.102900	0.108000	0.079510	0.158200	0.054610	0.788800	0.797500	5.486000	96.050000	0.004444	0.016520	0.022690	0.013700	0.013860	0.001698	24.860000	26.580000	165.900000	1866.000000	0.119300	0.233600	0.268700	0.178900	0.255100	0.065890
8.888000	14.640000	58.790000	244.000000	0.097830	0.153100	0.086060	0.028720	0.190200	0.089800	0.526200	0.852200	3.168000	25.440000	0.017210	0.093680	0.056710	0.017660	0.025410	0.021930	9.733000	15.670000	62.560000	284.400000	0.120700	0.243600	0.143400	0.047860	0.225400	0.108400
17.200000	24.520000	114.200000	929.400000	0.107100	0.183000	0.169200	0.079440	0.192700	0.064870	0.590700	1.041000	3.705000	69.470000	0.005820	0.056160	0.042520	0.011270	0.015270	0.006299	23.320000	33.820000	151.600000	1681.000000	0.158500	0.739400	0.656600	0.189900	0.331300	0.133900
13.800000	15.790000	90.430000	584.100000	0.100700	0.128000	0.077890	0.050690	0.166200	0.065660	0.278700	0.620500	1.957000	23.350000	0.004717	0.020650	0.017590	0.009206	0.012200	0.003130	16.570000	20.860000	110.300000	812.400000	0.141100	0.354200	0.277900	0.138300	0.258900	0.103000
12.310000	16.520000	79.190000	470.900000	0.091720	0.068290	0.033720	0.022720	0.172000	0.059140	0.250500	1.025000	1.740000	19.680000	0.004854	0.018190	0.018260	0.007965	0.013860	0.002304	14.110000	23.210000	89.710000	611.100000	0.117600	0.184300	0.170300	0.086600	0.261800	0.076090
16.070000	19.650000	104.100000	817.700000	0.091680	0.084240	0.097690	0.066380	0.179800	0.053910	0.747400	1.016000	5.029000	79.250000	0.010820	0.022030	0.035000	0.018090	0.015500	0.001948	19.770000	24.560000	128.800000	1223.000000	0.150000	0.204500	0.282900	0.152000	0.265000	0.063870
13.530000	10.940000	87.910000	559.200000	0.129100	0.104700	0.068770	0.065560	0.240300	0.066410	0.410100	1.014000	2.652000	32.650000	0.013400	0.028390	0.011620	0.008239	0.025720	0.006164	14.080000	12.490000	91.360000	605.500000	0.145100	0.137900	0.085390	0.074070	0.271000	0.071910
18.050000	16.150000	120.200000	1006.000000	0.106500	0.214600	0.168400	0.108000	0.215200	0.066730	0.980600	0.550500	6.311000	134.800000	0.007940	0.058390	0.046580	0.020700	0.025910	0.007054	22.390000	18.910000	150.100000	1610.000000	0.147800	0.563400	0.378600	0.210200	0.375100	0.110800
20.180000	23.970000	143.700000	1245.000000	0.128600	0.345400	0.375400	0.160400	0.290600	0.081420	0.931700	1.885000	8.649000	116.400000	0.010380	0.068350	0.109100	0.025930	0.078950	0.005987	23.370000	31.720000	170.300000	1623.000000	0.163900	0.616400	0.768100	0.250800	0.544000	0.099640
12.860000	18.000000	83.190000	506.300000	0.099340	0.095460	0.038890	0.023150	0.171800	0.059970	0.265500	1.095000	1.778000	20.350000	0.005293	0.016610	0.020710	0.008179	0.017480	0.002848	14.240000	24.820000	91.880000	622.100000	0.128900	0.214100	0.173100	0.079260	0.277900	0.079180
11.450000	20.970000	73.810000	401.500000	0.110200	0.093620	0.045910	0.022330	0.184200	0.070050	0.325100	2.174000	2.077000	24.620000	0.010370	0.017060	0.025860	0.007506	0.018160	0.003976	13.110000	32.160000	84.530000	525.100000	0.155700	0.167600	0.175500	0.061270	0.276200	0.088510
13.340000	15.860000	86.490000	520.000000	0.107800	0.153500	0.116900	0.069870	0.194200	0.069020	0.286000	1.016000	1.535000	12.960000	0.006794	0.035750	0.039800	0.013830	0.021340	0.004603	15.530000	23.190000	96.660000	614.900000	0.153600	0.479100	0.485800	0.170800	0.352700	0.101600
25.220000	24.910000	171.500000	1878.000000	0.106300	0.266500	0.333900	0.184500	0.182900	0.067820	0.897300	1.474000	7.382000	120.000000	0.008166	0.056930	0.057300	0.020300	0.010650	0.005893	30.000000	33.620000	211.700000	2562.000000	0.157300	0.607600	0.647600	0.286700	0.235500	0.105100
19.100000	26.290000	129.100000	1132.000000	0.121500	0.179100	0.193700	0.146900	0.163400	0.072240	0.519000	2.910000	5.801000	67.100000	0.007545	0.060500	0.021340	0.018430	0.030560	0.010390	20.330000	32.720000	141.300000	1298.000000	0.139200	0.281700	0.243200	0.184100	0.231100	0.092030
12.000000	15.650000	76.950000	443.300000	0.097230	0.071650	0.041510	0.018630	0.207900	0.059680	0.227100	1.255000	1.441000	16.160000	0.005969	0.018120	0.020070	0.007027	0.019720	0.002607	13.670000	24.900000	87.780000	567.900000	0.137700	0.200300	0.226700	0.076320	0.337900	0.079240
18.460000	18.520000	121.100000	1075.000000	0.098740	0.105300	0.133500	0.087950	0.213200	0.060220	0.699700	1.475000	4.782000	80.600000	0.006471	0.016490	0.028060	0.014200	0.023700	0.003755	22.930000	27.680000	152.200000	1603.000000	0.139800	0.208900	0.315700	0.164200	0.369500	0.085790
14.480000	21.460000	94.250000	648.200000	0.094440	0.099470	0.120400	0.049380	0.207500	0.056360	0.420400	2.220000	3.301000	38.870000	0.009369	0.029830	0.053710	0.017610	0.024180	0.003249	16.210000	29.250000	108.400000	808.900000	0.130600	0.197600	0.334900	0.122500	0.302000	0.068460
19.020000	24.590000	122.000000	1076.000000	0.090290	0.120600	0.146800	0.082710	0.195300	0.056290	0.549500	0.663600	3.055000	57.650000	0.003872	0.018420	0.037100	0.012000	0.019640	0.003337	24.560000	30.410000	152.900000	1623.000000	0.124900	0.320600	0.575500	0.195600	0.395600	0.092880
12.360000	21.800000	79.780000	466.100000	0.087720	0.094450	0.060150	0.037450	0.193000	0.064040	0.297800	1.502000	2.203000	20.950000	0.007112	0.024930	0.027030	0.012930	0.019580	0.004463	13.830000	30.500000	91.460000	574.700000	0.130400	0.246300	0.243400	0.120500	0.297200	0.092610
14.640000	15.240000	95.770000	651.900000	0.113200	0.133900	0.099660	0.070640	0.211600	0.063460	0.511500	0.737200	3.814000	42.760000	0.005508	0.044120	0.044360	0.016230	0.024270	0.004841	16.340000	18.240000	109.400000	803.600000	0.127700	0.308900	0.260400	0.139700	0.315100	0.084730
14.620000	24.020000	94.570000	662.700000	0.089740	0.086060	0.031020	0.029570	0.168500	0.058660	0.372100	1.111000	2.279000	33.760000	0.004868	0.018180	0.011210	0.008606	0.020850	0.002893	16.110000	29.110000	102.900000	803.700000	0.111500	0.176600	0.091890	0.069460	0.252200	0.072460
15.370000	22.760000	100.200000	728.200000	0.092000	0.103600	0.112200	0.074830	0.171700	0.060970	0.312900	0.841300	2.075000	29.440000	0.009882	0.024440	0.045310	0.017630	0.024710	0.002142	16.430000	25.840000	107.500000	830.900000	0.125700	0.199700	0.284600	0.147600	0.255600	0.068280
13.270000	14.760000	84.740000	551.700000	0.073550	0.050550	0.032610	0.026480	0.138600	0.053180	0.405700	1.153000	2.701000	36.350000	0.004481	0.010380	0.013580	0.010820	0.010690	0.001435	16.360000	22.350000	104.500000	830.600000	0.100600	0.123800	0.135000	0.100100	0.202700	0.062060
13.450000	18.300000	86.600000	555.100000	0.102200	0.081650	0.039740	0.027800	0.163800	0.057100	0.295000	1.373000	2.099000	25.220000	0.005884	0.014910	0.018720	0.009366	0.018840	0.001817	15.100000	25.940000	97.590000	699.400000	0.133900	0.175100	0.138100	0.079110	0.267800	0.066030
15.060000	19.830000	100.300000	705.600000	0.103900	0.155300	0.170000	0.088150	0.185500	0.062840	0.476800	0.964400	3.706000	47.140000	0.009250	0.037150	0.048670	0.018510	0.014980	0.003520	18.230000	24.230000	123.500000	1025.000000	0.155100	0.420300	0.520300	0.211500	0.283400	0.082340
20.260000	23.030000	132.400000	1264.000000	0.090780	0.131300	0.146500	0.086830	0.209500	0.056490	0.757600	1.509000	4.554000	87.870000	0.006016	0.034820	0.042320	0.012690	0.026570	0.004411	24.220000	31.590000	156.100000	1750.000000	0.119000	0.353900	0.409800	0.157300	0.368900	0.083680
12.180000	17.840000	77.790000	451.100000	0.104500	0.070570	0.024900	0.029410	0.190000	0.066350	0.366100	1.511000	2.410000	24.440000	0.005433	0.011790	0.011310	0.015190	0.022200	0.003408	12.830000	20.920000	82.140000	495.200000	0.114000	0.093580	0.049800	0.058820	0.222700	0.073760
9.787000	19.940000	62.110000	294.500000	0.102400	0.053010	0.006829	0.007937	0.135000	0.068900	0.335000	2.043000	2.132000	20.050000	0.011130	0.014630	0.005308	0.005250	0.018010	0.005667	10.920000	26.290000	68.810000	366.100000	0.131600	0.094730	0.020490	0.023810	0.193400	0.089880
11.600000	12.840000	74.340000	412.600000	0.089830	0.075250	0.041960	0.033500	0.162000	0.065820	0.231500	0.539100	1.475000	15.750000	0.006153	0.013300	0.016930	0.006884	0.016510	0.002551	13.060000	17.160000	82.960000	512.500000	0.143100	0.185100	0.192200	0.084490	0.277200	0.087560
14.420000	19.770000	94.480000	642.500000	0.097520	0.114100	0.093880	0.058390	0.187900	0.063900	0.289500	1.851000	2.376000	26.850000	0.008005	0.028950	0.033210	0.014240	0.014620	0.004452	16.330000	30.860000	109.500000	826.400000	0.143100	0.302600	0.319400	0.156500	0.271800	0.093530
13.610000	24.980000	88.050000	582.700000	0.094880	0.085110	0.086250	0.044890	0.160900	0.058710	0.456500	1.290000	2.861000	43.140000	0.005872	0.014880	0.026470	0.009921	0.014650	0.002355	16.990000	35.270000	108.600000	906.500000	0.126500	0.194300	0.316900	0.118400	0.265100	0.073970
6.981000	13.430000	43.790000	143.500000	0.117000	0.075680	0.000000	0.000000	0.193000	0.078180	0.224100	1.508000	1.553000	9.833000	0.010190	0.010840	0.000000	0.000000	0.026590	0.004100	7.930000	19.540000	50.410000	185.200000	0.158400	0.120200	0.000000	0.000000	0.293200	0.093820
12.180000	20.520000	77.220000	458.700000	0.080130	0.040380	0.023830	0.017700	0.173900	0.056770	0.192400	1.571000	1.183000	14.680000	0.005080	0.006098	0.010690	0.006797	0.014470	0.001532	13.340000	32.840000	84.580000	547.800000	0.112300	0.088620	0.114500	0.074310	0.269400	0.068780
9.876000	19.400000	63.950000	298.300000	0.100500	0.096970	0.061540	0.030290	0.194500	0.063220	0.180300	1.222000	1.528000	11.770000	0.009058	0.021960	0.030290	0.011120	0.016090	0.003570	10.760000	26.830000	72.220000	361.200000	0.155900	0.230200	0.264400	0.097490	0.262200	0.084900
10.490000	19.290000	67.410000	336.100000	0.099890	0.085780	0.029950	0.012010	0.221700	0.064810	0.355000	1.534000	2.302000	23.130000	0.007595	0.022190	0.028800	0.008614	0.027100	0.003451	11.540000	23.310000	74.220000	402.800000	0.121900	0.148600	0.079870	0.032030	0.282600	0.075520
13.110000	15.560000	87.210000	530.200000	0.139800	0.176500	0.207100	0.096010	0.192500	0.076920	0.390800	0.923800	2.410000	34.660000	0.007162	0.029120	0.054730	0.013880	0.015470	0.007098	16.310000	22.400000	106.400000	827.200000	0.186200	0.409900	0.637600	0.198600	0.314700	0.140500
11.640000	18.330000	75.170000	412.500000	0.114200	0.101700	0.070700	0.034850	0.180100	0.065200	0.306000	1.657000	2.155000	20.620000	0.008540	0.023100	0.029450	0.013980	0.015650	0.003840	13.140000	29.260000	85.510000	521.700000	0.168800	0.266000	0.287300	0.121800	0.280600	0.090970
12.360000	18.540000	79.010000	466.700000	0.084770	0.068150	0.026430	0.019210	0.160200	0.060660	0.119900	0.894400	0.848400	9.227000	0.003457	0.010470	0.011670	0.005558	0.012510	0.001356	13.290000	27.490000	85.560000	544.100000	0.118400	0.196300	0.193700	0.084420	0.298300	0.071850
22.270000	19.670000	152.800000	1509.000000	0.132600	0.276800	0.426400	0.182300	0.255600	0.070390	1.215000	1.545000	10.050000	170.000000	0.006515	0.086680	0.104000	0.024800	0.031120	0.005037	28.400000	28.010000	206.800000	2360.000000	0.170100	0.699700	0.960800	0.291000	0.405500	0.097890
11.340000	21.260000	72.480000	396.500000	0.087590	0.065750	0.051330	0.018990	0.148700	0.065290	0.234400	0.986100	1.597000	16.410000	0.009113	0.015570	0.024430	0.006435	0.015680	0.002477	13.010000	29.150000	83.990000	518.100000	0.169900	0.219600	0.312000	0.082780	0.282900	0.088320
9.777000	16.990000	62.500000	290.200000	0.103700	0.084040	0.043340	0.017780	0.158400	0.070650	0.403000	1.424000	2.747000	22.870000	0.013850	0.029320	0.027220	0.010230	0.032810	0.004638	11.050000	21.470000	71.680000	367.000000	0.146700	0.176500	0.130000	0.053340	0.253300	0.084680
12.630000	20.760000	82.150000	480.400000	0.099330	0.120900	0.106500	0.060210	0.173500	0.070700	0.342400	1.803000	2.711000	20.480000	0.012910	0.040420	0.051010	0.022950	0.021440	0.005891	13.330000	25.470000	89.000000	527.400000	0.128700	0.225000	0.221600	0.110500	0.222600	0.084860
14.260000	19.650000	97.830000	629.900000	0.078370	0.223300	0.300300	0.077980	0.170400	0.077690	0.362800	1.490000	3.399000	29.250000	0.005298	0.074460	0.143500	0.022920	0.025660	0.012980	15.300000	23.730000	107.000000	709.000000	0.089490	0.419300	0.678300	0.150500	0.239800	0.108200
10.510000	20.190000	68.640000	334.200000	0.112200	0.130300	0.064760	0.030680	0.192200	0.077820	0.333600	1.860000	2.041000	19.910000	0.011880	0.037470	0.045910	0.015440	0.022870	0.006792	11.160000	22.750000	72.620000	374.400000	0.130000	0.204900	0.129500	0.061360	0.238300	0.090260
8.726000	15.830000	55.840000	230.900000	0.115000	0.082010	0.041320	0.019240	0.164900	0.076330	0.166500	0.586400	1.354000	8.966000	0.008261	0.022130	0.032590	0.010400	0.017080	0.003806	9.628000	19.620000	64.480000	284.400000	0.172400	0.236400	0.245600	0.105000	0.292600	0.101700
11.930000	21.530000	76.530000	438.600000	0.097680	0.078490	0.033280	0.020080	0.168800	0.061940	0.311800	0.922700	2.000000	24.790000	0.007803	0.025070	0.018350	0.007711	0.012780	0.003856	13.670000	26.150000	87.540000	583.000000	0.150000	0.239900	0.150300	0.072470	0.243800	0.085410
8.950000	15.760000	58.740000	245.200000	0.094620	0.124300	0.092630	0.023080	0.130500	0.071630	0.313200	0.978900	3.280000	16.940000	0.018350	0.067600	0.092630	0.023080	0.023840	0.005601	9.414000	17.070000	63.340000	270.000000	0.117900	0.187900	0.154400	0.038460	0.165200	0.077220
14.870000	16.670000	98.640000	682.500000	0.116200	0.164900	0.169000	0.089230	0.215700	0.067680	0.426600	0.948900	2.989000	41.180000	0.006985	0.025630	0.030110	0.012710	0.016020	0.003884	18.810000	27.370000	127.100000	1095.000000	0.187800	0.448000	0.470400	0.202700	0.358500	0.106500
15.780000	22.910000	105.700000	782.600000	0.115500	0.175200	0.213300	0.094790	0.209600	0.073310	0.552000	1.072000	3.598000	58.630000	0.008699	0.039760	0.059500	0.013900	0.014950	0.005984	20.190000	30.500000	130.300000	1272.000000	0.185500	0.492500	0.735600	0.203400	0.327400	0.125200
17.950000	20.010000	114.200000	982.000000	0.084020	0.067220	0.072930	0.055960	0.212900	0.050250	0.550600	1.214000	3.357000	54.040000	0.004024	0.008422	0.022910	0.009863	0.050140	0.001902	20.580000	27.830000	129.200000	1261.000000	0.107200	0.120200	0.224900	0.118500	0.488200	0.061110
11.410000	10.820000	73.340000	403.300000	0.093730	0.066850	0.035120	0.026230	0.166700	0.061130	0.140800	0.460700	1.103000	10.500000	0.006040	0.015290	0.015140	0.006460	0.013440	0.002206	12.820000	15.970000	83.740000	510.500000	0.154800	0.239000	0.210200	0.089580	0.301600	0.085230
18.660000	17.120000	121.400000	1077.000000	0.105400	0.110000	0.145700	0.086650	0.196600	0.062130	0.712800	1.581000	4.895000	90.470000	0.008102	0.021010	0.033420	0.016010	0.020450	0.004570	22.250000	24.900000	145.400000	1549.000000	0.150300	0.229100	0.327200	0.167400	0.289400	0.084560
24.250000	20.200000	166.200000	1761.000000	0.144700	0.286700	0.426800	0.201200	0.265500	0.068770	1.509000	3.120000	9.807000	233.000000	0.023330	0.098060	0.127800	0.018220	0.045470	0.009875	26.020000	23.990000	180.900000	2073.000000	0.169600	0.424400	0.580300	0.224800	0.322200	0.080090
14.500000	10.890000	94.280000	640.700000	0.110100	0.109900	0.088420	0.057780	0.185600	0.064020	0.292900	0.857000	1.928000	24.190000	0.003818	0.012760	0.028820	0.012000	0.019100	0.002808	15.700000	15.980000	102.800000	745.500000	0.131300	0.178800	0.256000	0.122100	0.288900	0.080060
13.370000	16.390000	86.100000	553.500000	0.071150	0.073250	0.080920	0.028000	0.142200	0.058230	0.163900	1.140000	1.223000	14.660000	0.005919	0.032700	0.049570	0.010380	0.012080	0.004076	14.260000	22.750000	91.990000	632.100000	0.102500	0.253100	0.330800	0.089780	0.204800	0.076280
13.850000	17.210000	88.440000	588.700000	0.087850	0.061360	0.014200	0.011410	0.161400	0.058900	0.218500	0.856100	1.495000	17.910000	0.004599	0.009169	0.009127	0.004814	0.012470	0.001708	15.490000	23.580000	100.300000	725.900000	0.115700	0.135000	0.081150	0.051040	0.236400	0.071820
13.610000	24.690000	87.760000	572.600000	0.092580	0.078620	0.052850	0.030850	0.176100	0.061300	0.231000	1.005000	1.752000	19.830000	0.004088	0.011740	0.017960	0.006880	0.013230	0.001465	16.890000	35.640000	113.200000	848.700000	0.147100	0.288400	0.379600	0.132900	0.347000	0.079000
19.000000	18.910000	123.400000	1138.000000	0.082170	0.080280	0.092710	0.056270	0.194600	0.050440	0.689600	1.342000	5.216000	81.230000	0.004428	0.027310	0.040400	0.013610	0.020300	0.002686	22.320000	25.730000	148.200000	1538.000000	0.102100	0.226400	0.320700	0.121800	0.284100	0.065410
15.100000	16.390000	99.580000	674.500000	0.115000	0.180700	0.113800	0.085340	0.200100	0.064670	0.430900	1.068000	2.796000	39.840000	0.009006	0.041850	0.032040	0.022580	0.023530	0.004984	16.110000	18.330000	105.900000	762.600000	0.138600	0.288300	0.196000	0.142300	0.259000	0.077790
19.790000	25.120000	130.400000	1192.000000	0.101500	0.158900	0.254500	0.114900	0.220200	0.061130	0.495300	1.199000	2.765000	63.330000	0.005033	0.031790	0.047550	0.010430	0.015780	0.003224	22.630000	33.580000	148.700000	1589.000000	0.127500	0.386100	0.567300	0.173200	0.330500	0.084650
12.190000	13.290000	79.080000	455.800000	0.106600	0.095090	0.028550	0.028820	0.188000	0.064710	0.200500	0.816300	1.973000	15.240000	0.006773	0.024560	0.010180	0.008094	0.026620	0.004143	13.340000	17.810000	91.380000	545.200000	0.142700	0.258500	0.099150	0.081870	0.346900	0.092410
15.460000	19.480000	101.700000	748.900000	0.109200	0.122300	0.146600	0.080870	0.193100	0.057960	0.474300	0.785900	3.094000	48.310000	0.006240	0.014840	0.028130	0.010930	0.013970	0.002461	19.260000	26.000000	124.900000	1156.000000	0.154600	0.239400	0.379100	0.151400	0.283700	0.080190
16.160000	21.540000	106.200000	809.800000	0.100800	0.128400	0.104300	0.056130	0.216000	0.058910	0.433200	1.265000	2.844000	43.680000	0.004877	0.019520	0.022190	0.009231	0.015350	0.002373	19.470000	31.680000	129.700000	1175.000000	0.139500	0.305500	0.299200	0.131200	0.348000	0.076190
15.710000	13.930000	102.000000	761.700000	0.094620	0.094620	0.071350	0.059330	0.181600	0.057230	0.311700	0.815500	1.972000	27.940000	0.005217	0.015150	0.016780	0.012680	0.016690	0.002330	17.500000	19.250000	114.300000	922.800000	0.122300	0.194900	0.170900	0.137400	0.272300	0.070710
18.450000	21.910000	120.200000	1075.000000	0.094300	0.097090	0.115300	0.068470	0.169200	0.057270	0.595900	1.202000	3.766000	68.350000	0.006001	0.014220	0.028550	0.009148	0.014920	0.002205	22.520000	31.390000	145.600000	1590.000000	0.146500	0.227500	0.396500	0.137900	0.310900	0.076100
12.770000	22.470000	81.720000	506.300000	0.090550	0.057610	0.047110	0.027040	0.158500	0.060650	0.236700	1.380000	1.457000	19.870000	0.007499	0.012020	0.023320	0.008920	0.016470	0.002629	14.490000	33.370000	92.040000	653.600000	0.141900	0.152300	0.217700	0.093310	0.282900	0.080670
11.710000	16.670000	74.720000	423.600000	0.105100	0.060950	0.035920	0.026000	0.133900	0.059450	0.448900	2.508000	3.258000	34.370000	0.006578	0.013800	0.026620	0.013070	0.013590	0.003707	13.330000	25.480000	86.160000	546.700000	0.127100	0.102800	0.104600	0.069680	0.171200	0.073430
11.430000	15.390000	73.060000	399.800000	0.096390	0.068890	0.035030	0.028750	0.173400	0.058650	0.175900	0.993800	1.143000	12.670000	0.005133	0.015210	0.014340	0.008602	0.015010	0.001588	12.320000	22.020000	79.930000	462.000000	0.119000	0.164800	0.139900	0.084760	0.267600	0.067650
14.950000	17.570000	96.850000	678.100000	0.116700	0.130500	0.153900	0.086240	0.195700	0.062160	1.296000	1.452000	8.419000	101.900000	0.010000	0.034800	0.065770	0.028010	0.051680	0.002887	18.550000	21.430000	121.400000	971.400000	0.141100	0.216400	0.335500	0.166700	0.341400	0.071470
11.280000	13.390000	73.000000	384.800000	0.116400	0.113600	0.046350	0.047960	0.177100	0.060720	0.338400	1.343000	1.851000	26.330000	0.011270	0.034980	0.021870	0.019650	0.015800	0.003442	11.920000	15.770000	76.530000	434.000000	0.136700	0.182200	0.086690	0.086110	0.210200	0.067840
9.738000	11.970000	61.240000	288.500000	0.092500	0.041020	0.000000	0.000000	0.190300	0.064220	0.198800	0.496000	1.218000	12.260000	0.006040	0.005656	0.000000	0.000000	0.022770	0.003220	10.620000	14.100000	66.530000	342.900000	0.123400	0.072040	0.000000	0.000000	0.310500	0.081510
16.110000	18.050000	105.100000	813.000000	0.097210	0.113700	0.094470	0.059430	0.186100	0.062480	0.704900	1.332000	4.533000	74.080000	0.006770	0.019380	0.030670	0.011670	0.018750	0.003434	19.920000	25.270000	129.000000	1233.000000	0.131400	0.223600	0.280200	0.121600	0.279200	0.081580
11.430000	17.310000	73.660000	398.000000	0.109200	0.094860	0.020310	0.018610	0.164500	0.065620	0.284300	1.908000	1.937000	21.380000	0.006664	0.017350	0.011580	0.009520	0.022820	0.003526	12.780000	26.760000	82.660000	503.000000	0.141300	0.179200	0.077080	0.064020	0.258400	0.080960
12.900000	15.920000	83.740000	512.200000	0.086770	0.095090	0.048940	0.030880	0.177800	0.062350	0.214300	0.771200	1.689000	16.640000	0.005324	0.015630	0.015100	0.007584	0.021040	0.001887	14.480000	21.820000	97.170000	643.800000	0.131200	0.254800	0.209000	0.101200	0.354900	0.081180
10.750000	14.970000	68.260000	355.300000	0.077930	0.051390	0.022510	0.007875	0.139900	0.056880	0.252500	1.239000	1.806000	17.740000	0.006547	0.017810	0.020180	0.005612	0.016710	0.002360	11.950000	20.720000	77.790000	441.200000	0.107600	0.122300	0.097550	0.034130	0.230000	0.067690
11.900000	14.650000	78.110000	432.800000	0.115200	0.129600	0.037100	0.030030	0.199500	0.078390	0.396200	0.653800	3.021000	25.030000	0.010170	0.047410	0.027890	0.011100	0.031270	0.009423	13.150000	16.510000	86.260000	509.600000	0.142400	0.251700	0.094200	0.060420	0.272700	0.103600
11.800000	16.580000	78.990000	432.000000	0.109100	0.170000	0.165900	0.074150	0.267800	0.073710	0.319700	1.426000	2.281000	24.720000	0.005427	0.036330	0.046490	0.018430	0.056280	0.004635	13.740000	26.380000	91.930000	591.700000	0.138500	0.409200	0.450400	0.186500	0.577400	0.103000
14.950000	18.770000	97.840000	689.500000	0.081380	0.116700	0.090500	0.035620	0.174400	0.064930	0.422000	1.909000	3.271000	39.430000	0.005790	0.048770	0.053030	0.015270	0.033560	0.009368	16.250000	25.470000	107.100000	809.700000	0.099700	0.252100	0.250000	0.084050	0.285200	0.092180
14.440000	15.180000	93.970000	640.100000	0.099700	0.102100	0.084870	0.055320	0.172400	0.060810	0.240600	0.739400	2.120000	21.200000	0.005706	0.022970	0.031140	0.014930	0.014540	0.002528	15.850000	19.850000	108.600000	766.900000	0.131600	0.273500	0.310300	0.159900	0.269100	0.076830
13.740000	17.910000	88.120000	585.000000	0.079440	0.063760	0.028810	0.013290	0.147300	0.055800	0.250000	0.757400	1.573000	21.470000	0.002838	0.015920	0.017800	0.005828	0.013290	0.001976	15.340000	22.460000	97.190000	725.900000	0.097110	0.182400	0.156400	0.060190	0.235000	0.070140
13.000000	20.780000	83.510000	519.400000	0.113500	0.075890	0.031360	0.026450	0.254000	0.060870	0.420200	1.322000	2.873000	34.780000	0.007017	0.011420	0.019490	0.011530	0.029510	0.001533	14.160000	24.110000	90.820000	616.700000	0.129700	0.110500	0.081120	0.062960	0.319600	0.064350
8.219000	20.700000	53.270000	203.900000	0.094050	0.130500	0.132100	0.021680	0.222200	0.082610	0.193500	1.962000	1.243000	10.210000	0.012430	0.054160	0.077530	0.010220	0.023090	0.011780	9.092000	29.720000	58.080000	249.800000	0.163000	0.431000	0.538100	0.078790	0.332200	0.148600
9.731000	15.340000	63.780000	300.200000	0.107200	0.159900	0.410800	0.078570	0.254800	0.092960	0.824500	2.664000	4.073000	49.850000	0.010970	0.095860	0.396000	0.052790	0.035460	0.029840	11.020000	19.490000	71.040000	380.500000	0.129200	0.277200	0.821600	0.157100	0.310800	0.125900
11.150000	13.080000	70.870000	381.900000	0.097540	0.051130	0.019820	0.017860	0.183000	0.061050	0.225100	0.781500	1.429000	15.480000	0.009019	0.008985	0.011960	0.008232	0.023880	0.001619	11.990000	16.300000	76.250000	440.800000	0.134100	0.089710	0.071160	0.055060	0.285900	0.067720
13.150000	15.340000	85.310000	538.900000	0.093840	0.084980	0.092930	0.034830	0.182200	0.062070	0.271000	0.792700	1.819000	22.790000	0.008584	0.020170	0.030470	0.009536	0.027690	0.003479	14.770000	20.500000	97.670000	677.300000	0.147800	0.225600	0.300900	0.097220	0.384900	0.086330
12.250000	17.940000	78.270000	460.300000	0.086540	0.066790	0.038850	0.023310	0.197000	0.062280	0.220000	0.982300	1.484000	16.510000	0.005518	0.015620	0.019940	0.007924	0.017990	0.002484	13.590000	25.220000	86.600000	564.200000	0.121700	0.178800	0.194300	0.082110	0.311300	0.081320
17.680000	20.740000	117.400000	963.700000	0.111500	0.166500	0.185500	0.105400	0.197100	0.061660	0.811300	1.400000	5.540000	93.910000	0.009037	0.049540	0.052060	0.018410	0.017780	0.004968	20.470000	25.110000	132.900000	1302.000000	0.141800	0.349800	0.358300	0.151500	0.246300	0.077380
16.840000	19.460000	108.400000	880.200000	0.074450	0.072230	0.051500	0.027710	0.184400	0.052680	0.478900	2.060000	3.479000	46.610000	0.003443	0.026610	0.030560	0.011100	0.015200	0.001519	18.220000	28.070000	120.300000	1032.000000	0.087740	0.171000	0.188200	0.084360	0.252700	0.059720
12.060000	12.740000	76.840000	448.600000	0.093110	0.052410	0.019720	0.019630	0.159000	0.059070	0.182200	0.728500	1.171000	13.250000	0.005528	0.009789	0.008342	0.006273	0.014650	0.002530	13.140000	18.410000	84.080000	532.800000	0.127500	0.123200	0.086360	0.070250	0.251400	0.078980
10.900000	12.960000	68.690000	366.800000	0.075150	0.037180	0.003090	0.006588	0.144200	0.057430	0.281800	0.761400	1.808000	18.540000	0.006142	0.006134	0.001835	0.003576	0.016370	0.002665	12.360000	18.200000	78.070000	470.000000	0.117100	0.082940	0.018540	0.039530	0.273800	0.076850
11.750000	20.180000	76.100000	419.800000	0.108900	0.114100	0.068430	0.037380	0.199300	0.064530	0.501800	1.693000	3.926000	38.340000	0.009433	0.024050	0.041670	0.011520	0.033970	0.005061	13.320000	26.210000	88.910000	543.900000	0.135800	0.189200	0.195600	0.079090	0.316800	0.079870
19.190000	15.940000	126.300000	1157.000000	0.086940	0.118500	0.119300	0.096670	0.174100	0.051760	1.000000	0.633600	6.971000	119.300000	0.009406	0.030550	0.043440	0.027940	0.031560	0.003362	22.030000	17.810000	146.600000	1495.000000	0.112400	0.201600	0.226400	0.177700	0.244300	0.062510
19.590000	18.150000	130.700000	1214.000000	0.112000	0.166600	0.250800	0.128600	0.202700	0.060820	0.736400	1.048000	4.792000	97.070000	0.004057	0.022770	0.040290	0.013030	0.016860	0.003318	26.730000	26.390000	174.900000	2232.000000	0.143800	0.384600	0.681000	0.224700	0.364300	0.092230
12.340000	22.220000	79.850000	464.500000	0.101200	0.101500	0.053700	0.028220	0.155100	0.067610	0.294900	1.656000	1.955000	21.550000	0.011340	0.031750	0.031250	0.011350	0.018790	0.005348	13.580000	28.680000	87.360000	553.000000	0.145200	0.233800	0.168800	0.081940	0.226800	0.090820
23.270000	22.040000	152.100000	1686.000000	0.084390	0.114500	0.132400	0.097020	0.180100	0.055530	0.664200	0.856100	4.603000	97.850000	0.004910	0.025440	0.028220	0.016230	0.019560	0.003740	28.010000	28.220000	184.200000	2403.000000	0.122800	0.358300	0.394800	0.234600	0.358900	0.091870
14.970000	19.760000	95.500000	690.200000	0.084210	0.053520	0.019470	0.019390	0.151500	0.052660	0.184000	1.065000	1.286000	16.640000	0.003634	0.007983	0.008268	0.006432	0.019240	0.001520	15.980000	25.820000	102.300000	782.100000	0.104500	0.099950	0.077500	0.057540	0.264600	0.060850
10.800000	9.710000	68.770000	357.600000	0.095940	0.057360	0.025310	0.016980	0.138100	0.064000	0.172800	0.406400	1.126000	11.480000	0.007809	0.009816	0.010990	0.005344	0.012540	0.002120	11.600000	12.020000	73.660000	414.000000	0.143600	0.125700	0.104700	0.046030	0.209000	0.076990
16.780000	18.800000	109.300000	886.300000	0.088650	0.091820	0.084220	0.065760	0.189300	0.055340	0.599000	1.391000	4.129000	67.340000	0.006123	0.024700	0.026260	0.016040	0.020910	0.003493	20.050000	26.300000	130.700000	1260.000000	0.116800	0.211900	0.231800	0.147400	0.281000	0.072280
17.470000	24.680000	116.100000	984.600000	0.104900	0.160300	0.215900	0.104300	0.153800	0.063650	1.088000	1.410000	7.337000	122.300000	0.006174	0.036340	0.046440	0.015690	0.011450	0.005120	23.140000	32.330000	155.300000	1660.000000	0.137600	0.383000	0.489000	0.172100	0.216000	0.093000
14.970000	16.950000	96.220000	685.900000	0.098550	0.078850	0.026020	0.037810	0.178000	0.056500	0.271300	1.217000	1.893000	24.280000	0.005080	0.013700	0.007276	0.009073	0.013500	0.001706	16.110000	23.000000	104.600000	793.700000	0.121600	0.163700	0.066480	0.084850	0.240400	0.064280
12.320000	12.390000	78.850000	464.100000	0.102800	0.069810	0.039870	0.037000	0.195900	0.059550	0.236000	0.665600	1.670000	17.430000	0.008045	0.011800	0.016830	0.012410	0.019240	0.002248	13.500000	15.640000	86.970000	549.100000	0.138500	0.126600	0.124200	0.093910	0.282700	0.067710
13.430000	19.630000	85.840000	565.400000	0.090480	0.062880	0.058580	0.034380	0.159800	0.056710	0.469700	1.147000	3.142000	43.400000	0.006003	0.010630	0.021510	0.009443	0.015200	0.001868	17.980000	29.870000	116.600000	993.600000	0.140100	0.154600	0.264400	0.116000	0.288400	0.073710
15.460000	11.890000	102.500000	736.900000	0.125700	0.155500	0.203200	0.109700	0.196600	0.070690	0.420900	0.658300	2.805000	44.640000	0.005393	0.023210	0.043030	0.013200	0.017920	0.004168	18.790000	17.040000	125.000000	1102.000000	0.153100	0.358300	0.583000	0.182700	0.321600	0.101000
11.080000	14.710000	70.210000	372.700000	0.100600	0.057430	0.023630	0.025830	0.156600	0.066690	0.207300	1.805000	1.377000	19.080000	0.014960	0.021210	0.014530	0.015830	0.030820	0.004785	11.350000	16.820000	72.010000	396.500000	0.121600	0.082400	0.039380	0.043060	0.190200	0.073130
10.660000	15.150000	67.490000	349.600000	0.087920	0.043020	0.000000	0.000000	0.192800	0.059750	0.330900	1.925000	2.155000	21.980000	0.008713	0.010170	0.000000	0.000000	0.032650	0.001002	11.540000	19.200000	73.200000	408.300000	0.107600	0.067910	0.000000	0.000000	0.271000	0.061640
8.671000	14.450000	54.420000	227.200000	0.091380	0.042760	0.000000	0.000000	0.172200	0.067240	0.220400	0.787300	1.435000	11.360000	0.009172	0.008007	0.000000	0.000000	0.027110	0.003399	9.262000	17.040000	58.360000	259.200000	0.116200	0.070570	0.000000	0.000000	0.259200	0.078480
9.904000	18.060000	64.600000	302.400000	0.096990	0.129400	0.130700	0.037160	0.166900	0.081160	0.431100	2.261000	3.132000	27.480000	0.012860	0.088080	0.119700	0.024600	0.038800	0.017920	11.260000	24.390000	73.070000	390.200000	0.130100	0.295000	0.348600	0.099100	0.261400	0.116200
16.460000	20.110000	109.300000	832.900000	0.098310	0.155600	0.179300	0.088660	0.179400	0.063230	0.303700	1.284000	2.482000	31.590000	0.006627	0.040940	0.053710	0.018130	0.016820	0.004584	17.790000	28.450000	123.500000	981.200000	0.141500	0.466700	0.586200	0.203500	0.305400	0.095190
13.010000	22.220000	82.010000	526.400000	0.062510	0.019380	0.001595	0.001852	0.139500	0.052340	0.173100	1.142000	1.101000	14.340000	0.003418	0.002252	0.001595	0.001852	0.016130	0.000968	14.000000	29.020000	88.180000	608.800000	0.081250	0.034320	0.007977	0.009259	0.229500	0.058430
12.810000	13.060000	81.290000	508.800000	0.087390	0.037740	0.009193	0.013300	0.146600	0.061330	0.288900	0.989900	1.778000	21.790000	0.008534	0.006364	0.006180	0.007408	0.010650	0.003351	13.630000	16.150000	86.700000	570.700000	0.116200	0.054450	0.027580	0.039900	0.178300	0.073190
27.220000	21.870000	182.100000	2250.000000	0.109400	0.191400	0.287100	0.187800	0.180000	0.057700	0.836100	1.481000	5.820000	128.700000	0.004631	0.025370	0.031090	0.012410	0.015750	0.002747	33.120000	32.850000	220.800000	3216.000000	0.147200	0.403400	0.534000	0.268800	0.285600	0.080820
21.090000	26.570000	142.700000	1311.000000	0.114100	0.283200	0.248700	0.149600	0.239500	0.073980	0.629800	0.762900	4.414000	81.460000	0.004253	0.047590	0.038720	0.015670	0.017980	0.005295	26.680000	33.480000	176.500000	2089.000000	0.149100	0.758400	0.678000	0.290300	0.409800	0.128400
15.700000	20.310000	101.200000	766.600000	0.095970	0.087990	0.065930	0.051890	0.161800	0.055490	0.369900	1.150000	2.406000	40.980000	0.004626	0.022630	0.019540	0.009767	0.015470	0.002430	20.110000	32.820000	129.300000	1269.000000	0.141400	0.354700	0.290200	0.154100	0.343700	0.086310
11.410000	14.920000	73.530000	402.000000	0.090590	0.081550	0.061810	0.023610	0.116700	0.062170	0.334400	1.108000	1.902000	22.770000	0.007356	0.037280	0.059150	0.017120	0.021650	0.004784	12.370000	17.700000	79.120000	467.200000	0.112100	0.161000	0.164800	0.062960	0.181100	0.074270
15.280000	22.410000	98.920000	710.600000	0.090570	0.105200	0.053750	0.032630	0.172700	0.063170	0.205400	0.495600	1.344000	19.530000	0.003290	0.013950	0.017740	0.006009	0.011720	0.002575	17.800000	28.030000	113.800000	973.100000	0.130100	0.329900	0.363000	0.122600	0.317500	0.097720
10.080000	15.110000	63.760000	317.500000	0.092670	0.046950	0.001597	0.002404	0.170300	0.060480	0.424500	1.268000	2.680000	26.430000	0.014390	0.012000	0.001597	0.002404	0.025380	0.003470	11.870000	21.180000	75.390000	437.000000	0.152100	0.101900	0.006920	0.010420	0.293300	0.076970
18.310000	18.580000	118.600000	1041.000000	0.085880	0.084680	0.081690	0.058140	0.162100	0.054250	0.257700	0.475700	1.817000	28.920000	0.002866	0.009181	0.014120	0.006719	0.010690	0.001087	21.310000	26.360000	139.200000	1410.000000	0.123400	0.244500	0.353800	0.157100	0.320600	0.069380
11.710000	17.190000	74.680000	420.300000	0.097740	0.061410	0.038090	0.032390	0.151600	0.060950	0.245100	0.765500	1.742000	17.860000	0.006905	0.008704	0.019780	0.011850	0.018970	0.001671	13.010000	21.390000	84.420000	521.500000	0.132300	0.104000	0.152100	0.109900	0.257200	0.070970
11.810000	17.390000	75.270000	428.900000	0.100700	0.055620	0.023530	0.015530	0.171800	0.057800	0.185900	1.926000	1.011000	14.470000	0.007831	0.008776	0.015560	0.006240	0.031390	0.001988	12.570000	26.480000	79.570000	489.500000	0.135600	0.100000	0.088030	0.043060	0.320000	0.065760
12.300000	15.900000	78.830000	463.700000	0.080800	0.072530	0.038440	0.016540	0.166700	0.054740	0.238200	0.835500	1.687000	18.320000	0.005996	0.022120	0.021170	0.006433	0.020250	0.001725	13.350000	19.590000	86.650000	546.700000	0.109600	0.165000	0.142300	0.048150	0.248200	0.063060
14.220000	23.120000	94.370000	609.900000	0.107500	0.241300	0.198100	0.066180	0.238400	0.075420	0.286000	2.110000	2.112000	31.720000	0.007970	0.135400	0.116600	0.016660	0.051130	0.011720	15.740000	37.180000	106.400000	762.400000	0.153300	0.932700	0.848800	0.177200	0.516600	0.144600
12.770000	21.410000	82.020000	507.400000	0.087490	0.066010	0.031120	0.028640	0.169400	0.062870	0.731100	1.748000	5.118000	53.650000	0.004571	0.017900	0.021760	0.017570	0.033730	0.005875	13.750000	23.500000	89.040000	579.500000	0.093880	0.089780	0.051860	0.047730	0.217900	0.068710
9.720000	18.220000	60.730000	288.100000	0.069500	0.023440	0.000000	0.000000	0.165300	0.064470	0.353900	4.885000	2.230000	21.690000	0.001713	0.006736	0.000000	0.000000	0.037990	0.001688	9.968000	20.830000	62.250000	303.800000	0.071170	0.027290	0.000000	0.000000	0.190900	0.065590
12.340000	26.860000	81.150000	477.400000	0.103400	0.135300	0.108500	0.045620	0.194300	0.069370	0.405300	1.809000	2.642000	34.440000	0.009098	0.038450	0.037630	0.013210	0.018780	0.005672	15.650000	39.340000	101.700000	768.900000	0.178500	0.470600	0.442500	0.145900	0.321500	0.120500
14.860000	23.210000	100.400000	671.400000	0.104400	0.198000	0.169700	0.088780	0.173700	0.066720	0.279600	0.962200	3.591000	25.200000	0.008081	0.051220	0.055510	0.018830	0.025450	0.004312	16.080000	27.780000	118.600000	784.700000	0.131600	0.464800	0.458900	0.172700	0.300000	0.087010
12.910000	16.330000	82.530000	516.400000	0.079410	0.053660	0.038730	0.023770	0.182900	0.056670	0.194200	0.908600	1.493000	15.750000	0.005298	0.015870	0.023210	0.008420	0.018530	0.002152	13.880000	22.000000	90.810000	600.600000	0.109700	0.150600	0.176400	0.082350	0.302400	0.069490
13.770000	22.290000	90.630000	588.900000	0.120000	0.126700	0.138500	0.065260	0.183400	0.068770	0.619100	2.112000	4.906000	49.700000	0.013800	0.033480	0.046650	0.020600	0.026890	0.004306	16.390000	34.010000	111.600000	806.900000	0.173700	0.312200	0.380900	0.167300	0.308000	0.093330
18.080000	21.840000	117.400000	1024.000000	0.073710	0.086420	0.110300	0.057780	0.177000	0.053400	0.636200	1.305000	4.312000	76.360000	0.005530	0.052960	0.061100	0.014440	0.021400	0.005036	19.760000	24.700000	129.100000	1228.000000	0.088220	0.196300	0.253500	0.091810	0.236900	0.065580
19.180000	22.490000	127.500000	1148.000000	0.085230	0.142800	0.111400	0.067720	0.176700	0.055290	0.435700	1.073000	3.833000	54.220000	0.005524	0.036980	0.027060	0.012210	0.014150	0.003397	23.360000	32.060000	166.400000	1688.000000	0.132200	0.560100	0.386500	0.170800	0.319300	0.092210
14.450000	20.220000	94.490000	642.700000	0.098720	0.120600	0.118000	0.059800	0.195000	0.064660	0.209200	0.650900	1.446000	19.420000	0.004044	0.015970	0.020000	0.007303	0.015220	0.001976	18.330000	30.120000	117.900000	1044.000000	0.155200	0.405600	0.496700	0.183800	0.475300	0.101300
12.230000	19.560000	78.540000	461.000000	0.095860	0.080870	0.041870	0.041070	0.197900	0.060130	0.353400	1.326000	2.308000	27.240000	0.007514	0.017790	0.014010	0.011400	0.015030	0.003338	14.440000	28.360000	92.150000	638.400000	0.142900	0.204200	0.137700	0.108000	0.266800	0.081740
17.540000	19.320000	115.100000	951.600000	0.089680	0.119800	0.103600	0.074880	0.150600	0.054910	0.397100	0.828200	3.088000	40.730000	0.006090	0.025690	0.027130	0.013450	0.015940	0.002658	20.420000	25.840000	139.500000	1239.000000	0.138100	0.342000	0.350800	0.193900	0.292800	0.078670
23.290000	26.670000	158.900000	1685.000000	0.114100	0.208400	0.352300	0.162000	0.220000	0.062290	0.553900	1.560000	4.667000	83.160000	0.009327	0.051210	0.089580	0.024650	0.021750	0.005195	25.120000	32.680000	177.000000	1986.000000	0.153600	0.416700	0.789200	0.273300	0.319800	0.087620
13.810000	23.750000	91.560000	597.800000	0.132300	0.176800	0.155800	0.091760	0.225100	0.074210	0.564800	1.930000	3.909000	52.720000	0.008824	0.031080	0.031120	0.012910	0.019980	0.004506	19.200000	41.850000	128.500000	1153.000000	0.222600	0.520900	0.464600	0.201300	0.443200	0.108600
12.470000	18.600000	81.090000	481.900000	0.099650	0.105800	0.080050	0.038210	0.192500	0.063730	0.396100	1.044000	2.497000	30.290000	0.006953	0.019110	0.027010	0.010370	0.017820	0.003586	14.970000	24.640000	96.050000	677.900000	0.142600	0.237800	0.267100	0.101500	0.301400	0.087500
15.120000	16.680000	98.780000	716.600000	0.088760	0.095880	0.075500	0.040790	0.159400	0.059860	0.271100	0.362100	1.974000	26.440000	0.005472	0.019190	0.020390	0.008260	0.015230	0.002881	17.770000	20.240000	117.700000	989.500000	0.149100	0.333100	0.332700	0.125200	0.341500	0.097400
9.876000	17.270000	62.920000	295.400000	0.108900	0.072320	0.017560	0.019520	0.193400	0.062850	0.213700	1.342000	1.517000	12.330000	0.009719	0.012490	0.007975	0.007527	0.022100	0.002472	10.420000	23.220000	67.080000	331.600000	0.141500	0.124700	0.062130	0.055880	0.298900	0.073800
17.010000	20.260000	109.700000	904.300000	0.087720	0.073040	0.069500	0.053900	0.202600	0.052230	0.585800	0.855400	4.106000	68.460000	0.005038	0.015030	0.019460	0.011230	0.022940	0.002581	19.800000	25.050000	130.000000	1210.000000	0.111100	0.148600	0.193200	0.109600	0.327500	0.064690
13.110000	22.540000	87.020000	529.400000	0.100200	0.148300	0.087050	0.051020	0.185000	0.073100	0.193100	0.922300	1.491000	15.090000	0.005251	0.030410	0.025260	0.008304	0.025140	0.004198	14.550000	29.160000	99.480000	639.300000	0.134900	0.440200	0.316200	0.112600	0.412800	0.107600
15.270000	12.910000	98.170000	725.500000	0.081820	0.062300	0.058920	0.031570	0.135900	0.055260	0.213400	0.362800	1.525000	20.000000	0.004291	0.012360	0.018410	0.007373	0.009539	0.001656	17.380000	15.920000	113.700000	932.700000	0.122200	0.218600	0.296200	0.103500	0.232000	0.074740
20.580000	22.140000	134.700000	1290.000000	0.090900	0.134800	0.164000	0.095610	0.176500	0.050240	0.860100	1.480000	7.029000	111.700000	0.008124	0.036110	0.054890	0.027650	0.031760	0.002365	23.240000	27.840000	158.300000	1656.000000	0.117800	0.292000	0.386100	0.192000	0.290900	0.058650
11.840000	18.940000	75.510000	428.000000	0.088710	0.069000	0.026690	0.013930	0.153300	0.060570	0.222200	0.865200	1.444000	17.120000	0.005517	0.017270	0.020450	0.006747	0.016160	0.002922	13.300000	24.990000	85.220000	546.300000	0.128000	0.188000	0.147100	0.069130	0.253500	0.079930
28.110000	18.470000	188.500000	2499.000000	0.114200	0.151600	0.320100	0.159500	0.164800	0.055250	2.873000	1.476000	21.980000	525.600000	0.013450	0.027720	0.063890	0.014070	0.047830	0.004476	28.110000	18.470000	188.500000	2499.000000	0.114200	0.151600	0.320100	0.159500	0.164800	0.055250
17.420000	25.560000	114.500000	948.000000	0.100600	0.114600	0.168200	0.065970	0.130800	0.058660	0.529600	1.667000	3.767000	58.530000	0.031130	0.085550	0.143800	0.039270	0.021750	0.012560	18.070000	28.070000	120.400000	1021.000000	0.124300	0.179300	0.280300	0.109900	0.160300	0.068180
14.190000	23.810000	92.870000	610.700000	0.094630	0.130600	0.111500	0.064620	0.223500	0.064330	0.420700	1.845000	3.534000	31.000000	0.010880	0.037100	0.036880	0.016270	0.044990	0.004768	16.860000	34.850000	115.000000	811.300000	0.155900	0.405900	0.374400	0.177200	0.472400	0.102600
13.860000	16.930000	90.960000	578.900000	0.102600	0.151700	0.099010	0.056020	0.210600	0.069160	0.256300	1.194000	1.933000	22.690000	0.005960	0.034380	0.039090	0.014350	0.019390	0.004560	15.750000	26.930000	104.400000	750.100000	0.146000	0.437000	0.463600	0.165400	0.363000	0.105900
11.890000	18.350000	77.320000	432.200000	0.093630	0.115400	0.066360	0.031420	0.196700	0.063140	0.296300	1.563000	2.087000	21.460000	0.008872	0.041920	0.059460	0.017850	0.027930	0.004775	13.250000	27.100000	86.200000	531.200000	0.140500	0.304600	0.280600	0.113800	0.339700	0.083650
10.200000	17.480000	65.050000	321.200000	0.080540	0.059070	0.057740	0.010710	0.196400	0.063150	0.356700	1.922000	2.747000	22.790000	0.004680	0.031200	0.057740	0.010710	0.025600	0.004613	11.480000	24.470000	75.400000	403.700000	0.095270	0.139700	0.192500	0.035710	0.286800	0.078090
19.800000	21.560000	129.700000	1230.000000	0.093830	0.130600	0.127200	0.086910	0.209400	0.055810	0.955300	1.186000	6.487000	124.400000	0.006804	0.031690	0.034460	0.017120	0.018970	0.004045	25.730000	28.640000	170.300000	2009.000000	0.135300	0.323500	0.361700	0.182000	0.307000	0.082550
19.530000	32.470000	128.000000	1223.000000	0.084200	0.113000	0.114500	0.066370	0.142800	0.053130	0.739200	1.321000	4.722000	109.900000	0.005539	0.026440	0.026640	0.010780	0.013320	0.002256	27.900000	45.410000	180.200000	2477.000000	0.140800	0.409700	0.399500	0.162500	0.271300	0.075680
13.650000	13.160000	87.880000	568.900000	0.096460	0.087110	0.038880	0.025630	0.136000	0.063440	0.210200	0.433600	1.391000	17.400000	0.004133	0.016950	0.016520	0.006659	0.013710	0.002735	15.340000	16.350000	99.710000	706.200000	0.131100	0.247400	0.175900	0.080560	0.238000	0.087180
13.560000	13.900000	88.590000	561.300000	0.105100	0.119200	0.078600	0.044510	0.196200	0.063030	0.256900	0.498100	2.011000	21.030000	0.005851	0.023140	0.025440	0.008360	0.018420	0.002918	14.980000	17.130000	101.100000	686.600000	0.137600	0.269800	0.257700	0.090900	0.306500	0.081770
10.180000	17.530000	65.120000	313.100000	0.106100	0.085020	0.017680	0.019150	0.191000	0.069080	0.246700	1.217000	1.641000	15.050000	0.007899	0.014000	0.008534	0.007624	0.026370	0.003761	11.170000	22.840000	71.940000	375.600000	0.140600	0.144000	0.065720	0.055750	0.305500	0.087970
15.750000	20.250000	102.600000	761.300000	0.102500	0.120400	0.114700	0.064620	0.193500	0.063030	0.347300	0.920900	2.244000	32.190000	0.004766	0.023740	0.023840	0.008637	0.017720	0.003131	19.560000	30.290000	125.900000	1088.000000	0.155200	0.448000	0.397600	0.147900	0.399300	0.106400
13.270000	17.020000	84.550000	546.400000	0.084450	0.049940	0.035540	0.024560	0.149600	0.056740	0.292700	0.890700	2.044000	24.680000	0.006032	0.011040	0.022590	0.009057	0.014820	0.002496	15.140000	23.600000	98.840000	708.800000	0.127600	0.131100	0.178600	0.096780	0.250600	0.076230
14.340000	13.470000	92.510000	641.200000	0.099060	0.076240	0.057240	0.046030	0.207500	0.054480	0.522000	0.812100	3.763000	48.290000	0.007089	0.014280	0.023600	0.012860	0.022660	0.001463	16.770000	16.900000	110.400000	873.200000	0.129700	0.152500	0.163200	0.108700	0.306200	0.060720
10.440000	15.460000	66.620000	329.600000	0.105300	0.077220	0.006643	0.012160	0.178800	0.064500	0.191300	0.902700	1.208000	11.860000	0.006513	0.008061	0.002817	0.004972	0.015020	0.002821	11.520000	19.800000	73.470000	395.400000	0.134100	0.115300	0.026390	0.044640	0.261500	0.082690
15.000000	15.510000	97.450000	684.500000	0.083710	0.109600	0.065050	0.037800	0.188100	0.059070	0.231800	0.496600	2.276000	19.880000	0.004119	0.032070	0.036440	0.011550	0.013910	0.003204	16.410000	19.310000	114.200000	808.200000	0.113600	0.362700	0.340200	0.137900	0.295400	0.083620
12.620000	23.970000	81.350000	496.400000	0.079030	0.075290	0.054380	0.020360	0.151400	0.060190	0.244900	1.066000	1.445000	18.510000	0.005169	0.022940	0.030160	0.008691	0.013650	0.003407	14.200000	31.310000	90.670000	624.000000	0.122700	0.345400	0.391100	0.118000	0.282600	0.095850
12.830000	22.330000	85.260000	503.200000	0.108800	0.179900	0.169500	0.068610	0.212300	0.072540	0.306100	1.069000	2.257000	25.130000	0.006983	0.038580	0.046830	0.014990	0.016800	0.005617	15.200000	30.150000	105.300000	706.000000	0.177700	0.534300	0.628200	0.197700	0.340700	0.124300
17.050000	19.080000	113.400000	895.000000	0.114100	0.157200	0.191000	0.109000	0.213100	0.063250	0.295900	0.679000	2.153000	31.980000	0.005532	0.020080	0.030550	0.013840	0.011770	0.002336	19.590000	24.890000	133.500000	1189.000000	0.170300	0.393400	0.501800	0.254300	0.310900	0.090610
11.320000	27.080000	71.760000	395.700000	0.068830	0.038130	0.016330	0.003125	0.186900	0.056280	0.121000	0.892700	1.059000	8.605000	0.003653	0.016470	0.016330	0.003125	0.015370	0.002052	12.080000	33.750000	79.820000	452.300000	0.092030	0.143200	0.108900	0.020830	0.284900	0.070870
11.220000	33.810000	70.790000	386.800000	0.077800	0.035740	0.004967	0.006434	0.184500	0.058280	0.223900	1.647000	1.489000	15.460000	0.004359	0.006813	0.003223	0.003419	0.019160	0.002534	12.360000	41.780000	78.440000	470.900000	0.099940	0.068850	0.023180	0.030020	0.291100	0.073070
20.510000	27.810000	134.400000	1319.000000	0.091590	0.107400	0.155400	0.083400	0.144800	0.055920	0.524000	1.189000	3.767000	70.010000	0.005020	0.020620	0.034570	0.010910	0.012980	0.002887	24.470000	37.380000	162.700000	1872.000000	0.122300	0.276100	0.414600	0.156300	0.243700	0.083280
9.567000	15.910000	60.210000	279.600000	0.084640	0.040870	0.016520	0.016670	0.155100	0.064030	0.215200	0.830100	1.215000	12.640000	0.011640	0.010400	0.011860	0.009623	0.023830	0.003540	10.510000	19.160000	65.740000	335.900000	0.150400	0.095150	0.071610	0.072220	0.275700	0.081780
14.030000	21.250000	89.790000	603.400000	0.090700	0.069450	0.014620	0.018960	0.151700	0.058350	0.258900	1.503000	1.667000	22.070000	0.007389	0.013830	0.007302	0.010040	0.012630	0.002925	15.330000	30.280000	98.270000	715.500000	0.128700	0.151300	0.062310	0.079630	0.222600	0.076170
23.210000	26.970000	153.500000	1670.000000	0.095090	0.168200	0.195000	0.123700	0.190900	0.063090	1.058000	0.963500	7.247000	155.800000	0.006428	0.028630	0.044970	0.017160	0.015900	0.003053	31.010000	34.510000	206.000000	2944.000000	0.148100	0.412600	0.582000	0.259300	0.310300	0.086770
20.480000	21.460000	132.500000	1306.000000	0.083550	0.083480	0.090420	0.060220	0.146700	0.051770	0.687400	1.041000	5.144000	83.500000	0.007959	0.031330	0.042570	0.016710	0.013410	0.003933	24.220000	26.170000	161.700000	1750.000000	0.122800	0.231100	0.315800	0.144500	0.223800	0.071270
14.220000	27.850000	92.550000	623.900000	0.082230	0.103900	0.110300	0.044080	0.134200	0.061290	0.335400	2.324000	2.105000	29.960000	0.006307	0.028450	0.038500	0.010110	0.011850	0.003589	15.750000	40.540000	102.500000	764.000000	0.108100	0.242600	0.306400	0.082190	0.189000	0.077960
17.460000	39.280000	113.400000	920.600000	0.098120	0.129800	0.141700	0.088110	0.180900	0.059660	0.536600	0.856100	3.002000	49.000000	0.004860	0.027850	0.026020	0.013740	0.012260	0.002759	22.510000	44.870000	141.200000	1408.000000	0.136500	0.373500	0.324100	0.206600	0.285300	0.084960
13.640000	15.600000	87.380000	575.300000	0.094230	0.066300	0.047050	0.037310	0.171700	0.056600	0.324200	0.661200	1.996000	27.190000	0.006470	0.012480	0.018100	0.011030	0.018980	0.001794	14.850000	19.050000	94.110000	683.400000	0.127800	0.129100	0.153300	0.092220	0.253000	0.065100
12.420000	15.040000	78.610000	476.500000	0.079260	0.033930	0.010530	0.011080	0.154600	0.057540	0.115300	0.674500	0.757000	9.006000	0.003265	0.004930	0.006493	0.003762	0.017200	0.001360	13.200000	20.370000	83.850000	543.400000	0.103700	0.077760	0.062430	0.040520	0.290100	0.067830
11.300000	18.190000	73.930000	389.400000	0.095920	0.132500	0.154800	0.028540	0.205400	0.076690	0.242800	1.642000	2.369000	16.390000	0.006663	0.059140	0.088800	0.013140	0.019950	0.008675	12.580000	27.960000	87.160000	472.900000	0.134700	0.484800	0.743600	0.121800	0.330800	0.129700
13.750000	23.770000	88.540000	590.000000	0.080430	0.068070	0.046970	0.023440	0.177300	0.054290	0.434700	1.057000	2.829000	39.930000	0.004351	0.026670	0.033710	0.010070	0.025980	0.003087	15.010000	26.340000	98.000000	706.000000	0.093680	0.144200	0.135900	0.061060	0.266300	0.063210
19.400000	23.500000	129.100000	1155.000000	0.102700	0.155800	0.204900	0.088860	0.197800	0.060000	0.524300	1.802000	4.037000	60.410000	0.010610	0.032520	0.039150	0.015590	0.021860	0.003949	21.650000	30.530000	144.900000	1417.000000	0.146300	0.296800	0.345800	0.156400	0.292000	0.076140
10.480000	19.860000	66.720000	337.700000	0.107000	0.059710	0.048310	0.030700	0.173700	0.064400	0.371900	2.612000	2.517000	23.220000	0.016040	0.013860	0.018650	0.011330	0.034760	0.003560	11.480000	29.460000	73.680000	402.800000	0.151500	0.102600	0.118100	0.067360	0.288300	0.077480
13.200000	17.430000	84.130000	541.600000	0.072150	0.045240	0.043360	0.011050	0.148700	0.056350	0.163000	1.601000	0.873000	13.560000	0.006261	0.015690	0.030790	0.005383	0.019620	0.002250	13.940000	27.820000	88.280000	602.000000	0.110100	0.150800	0.229800	0.049700	0.276700	0.071980
12.890000	14.110000	84.950000	512.200000	0.087600	0.134600	0.137400	0.039800	0.159600	0.064090	0.202500	0.440200	2.393000	16.350000	0.005501	0.055920	0.081580	0.013700	0.012660	0.007555	14.390000	17.700000	105.000000	639.100000	0.125400	0.584900	0.772700	0.156100	0.263900	0.117800
10.650000	25.220000	68.010000	347.000000	0.096570	0.072340	0.023790	0.016150	0.189700	0.063290	0.249700	1.493000	1.497000	16.640000	0.007189	0.010350	0.010810	0.006245	0.021580	0.002619	12.250000	35.190000	77.980000	455.700000	0.149900	0.139800	0.112500	0.061360	0.340900	0.081470
11.520000	14.930000	73.870000	406.300000	0.101300	0.078080	0.043280	0.029290	0.188300	0.061680	0.256200	1.038000	1.686000	18.620000	0.006662	0.012280	0.021050	0.010060	0.016770	0.002784	12.650000	21.190000	80.880000	491.800000	0.138900	0.158200	0.180400	0.096080	0.266400	0.078090
20.940000	23.560000	138.900000	1364.000000	0.100700	0.160600	0.271200	0.131000	0.220500	0.058980	1.004000	0.820800	6.372000	137.900000	0.005283	0.039080	0.095180	0.018640	0.024010	0.005002	25.580000	27.000000	165.300000	2010.000000	0.121100	0.317200	0.699100	0.210500	0.312600	0.078490
11.500000	18.450000	73.280000	407.400000	0.093450	0.059910	0.026380	0.020690	0.183400	0.059340	0.392700	0.842900	2.684000	26.990000	0.006380	0.010650	0.012450	0.009175	0.022920	0.001461	12.970000	22.460000	83.120000	508.900000	0.118300	0.104900	0.081050	0.065440	0.274000	0.064870
19.730000	19.820000	130.700000	1206.000000	0.106200	0.184900	0.241700	0.097400	0.173300	0.066970	0.766100	0.780000	4.115000	92.810000	0.008482	0.050570	0.068000	0.019710	0.014670	0.007259	25.280000	25.590000	159.800000	1933.000000	0.171000	0.595500	0.848900	0.250700	0.274900	0.129700
17.300000	17.080000	113.000000	928.200000	0.100800	0.104100	0.126600	0.083530	0.181300	0.056130	0.309300	0.856800	2.193000	33.630000	0.004757	0.015030	0.023320	0.012620	0.013940	0.002362	19.850000	25.090000	130.900000	1222.000000	0.141600	0.240500	0.337800	0.185700	0.313800	0.081130
19.450000	19.330000	126.500000	1169.000000	0.103500	0.118800	0.137900	0.085910	0.177600	0.056470	0.595900	0.634200	3.797000	71.000000	0.004649	0.018000	0.027490	0.012670	0.013650	0.002550	25.700000	24.570000	163.100000	1972.000000	0.149700	0.316100	0.431700	0.199900	0.337900	0.089500
13.960000	17.050000	91.430000	602.400000	0.109600	0.127900	0.097890	0.052460	0.190800	0.061300	0.425000	0.809800	2.563000	35.740000	0.006351	0.026790	0.031190	0.013420	0.020620	0.002695	16.390000	22.070000	108.100000	826.000000	0.151200	0.326200	0.320900	0.137400	0.306800	0.079570
19.550000	28.770000	133.600000	1207.000000	0.092600	0.206300	0.178400	0.114400	0.189300	0.062320	0.842600	1.199000	7.158000	106.400000	0.006356	0.047650	0.038630	0.015190	0.019360	0.005252	25.050000	36.270000	178.600000	1926.000000	0.128100	0.532900	0.425100	0.194100	0.281800	0.100500
15.320000	17.270000	103.200000	713.300000	0.133500	0.228400	0.244800	0.124200	0.239800	0.075960	0.659200	1.059000	4.061000	59.460000	0.010150	0.045880	0.049830	0.021270	0.018840	0.008660	17.730000	22.660000	119.800000	928.800000	0.176500	0.450300	0.442900	0.222900	0.325800	0.119100
15.660000	23.200000	110.200000	773.500000	0.110900	0.311400	0.317600	0.137700	0.249500	0.081040	1.292000	2.454000	10.120000	138.500000	0.012360	0.059950	0.082320	0.030240	0.023370	0.006042	19.850000	31.640000	143.700000	1226.000000	0.150400	0.517200	0.618100	0.246200	0.327700	0.101900
15.530000	33.560000	103.700000	744.900000	0.106300	0.163900	0.175100	0.083990	0.209100	0.066500	0.241900	1.278000	1.903000	23.020000	0.005345	0.025560	0.028890	0.010220	0.009947	0.003359	18.490000	49.540000	126.300000	1035.000000	0.188300	0.556400	0.570300	0.201400	0.351200	0.120400
20.310000	27.060000	132.900000	1288.000000	0.100000	0.108800	0.151900	0.093330	0.181400	0.055720	0.397700	1.033000	2.587000	52.340000	0.005043	0.015780	0.021170	0.008185	0.012820	0.001892	24.330000	39.160000	162.300000	1844.000000	0.152200	0.294500	0.378800	0.169700	0.315100	0.079990
17.350000	23.060000	111.000000	933.100000	0.086620	0.062900	0.028910	0.028370	0.156400	0.053070	0.400700	1.317000	2.577000	44.410000	0.005726	0.011060	0.012460	0.007671	0.014110	0.001578	19.850000	31.470000	128.200000	1218.000000	0.124000	0.148600	0.121100	0.082350	0.245200	0.065150
17.290000	22.130000	114.400000	947.800000	0.089990	0.127300	0.096970	0.075070	0.210800	0.054640	0.834800	1.633000	6.146000	90.940000	0.006717	0.059810	0.046380	0.021490	0.027470	0.005838	20.390000	27.240000	137.900000	1295.000000	0.113400	0.286700	0.229800	0.152800	0.306700	0.074840
15.610000	19.380000	100.000000	758.600000	0.078400	0.056160	0.042090	0.028470	0.154700	0.054430	0.229800	0.998800	1.534000	22.180000	0.002826	0.009105	0.013110	0.005174	0.010130	0.001345	17.910000	31.670000	115.900000	988.600000	0.108400	0.180700	0.226000	0.085680	0.268300	0.068290
17.190000	22.070000	111.600000	928.300000	0.097260	0.089950	0.090610	0.065270	0.186700	0.055800	0.420300	0.738300	2.819000	45.420000	0.004493	0.012060	0.020480	0.009875	0.011440	0.001575	21.580000	29.330000	140.500000	1436.000000	0.155800	0.256700	0.388900	0.198400	0.321600	0.075700
20.730000	31.120000	135.700000	1419.000000	0.094690	0.114300	0.136700	0.086460	0.176900	0.056740	1.172000	1.617000	7.749000	199.700000	0.004551	0.014780	0.021430	0.009280	0.013670	0.002299	32.490000	47.160000	214.000000	3432.000000	0.140100	0.264400	0.344200	0.165900	0.286800	0.082180
10.600000	18.950000	69.280000	346.400000	0.096880	0.114700	0.063870	0.026420	0.192200	0.064910	0.450500	1.197000	3.430000	27.100000	0.007470	0.035810	0.033540	0.013650	0.035040	0.003318	11.880000	22.940000	78.280000	424.800000	0.121300	0.251500	0.191600	0.079260	0.294000	0.075870
13.590000	21.840000	87.160000	561.000000	0.079560	0.082590	0.040720	0.021420	0.163500	0.058590	0.338000	1.916000	2.591000	26.760000	0.005436	0.024060	0.030990	0.009919	0.020300	0.003009	14.800000	30.040000	97.660000	661.500000	0.100500	0.173000	0.145300	0.061890	0.244600	0.070240
12.870000	16.210000	82.380000	512.200000	0.094250	0.062190	0.039000	0.016150	0.201000	0.057690	0.234500	1.219000	1.546000	18.240000	0.005518	0.021780	0.025890	0.006330	0.025930	0.002157	13.900000	23.640000	89.270000	597.500000	0.125600	0.180800	0.199200	0.057800	0.360400	0.070620
10.710000	20.390000	69.500000	344.900000	0.108200	0.128900	0.084480	0.028670	0.166800	0.068620	0.319800	1.489000	2.230000	20.740000	0.008902	0.047850	0.073390	0.017450	0.027280	0.007610	11.690000	25.210000	76.510000	410.400000	0.133500	0.255000	0.253400	0.086000	0.260500	0.087010
14.290000	16.820000	90.300000	632.600000	0.064290	0.026750	0.007250	0.006250	0.150800	0.053760	0.130200	0.719800	0.843900	10.770000	0.003492	0.003710	0.004826	0.003608	0.015360	0.001381	14.910000	20.650000	94.440000	684.600000	0.085670	0.050360	0.038660	0.033330	0.245800	0.061200
11.290000	13.040000	72.230000	388.000000	0.098340	0.076080	0.032650	0.027550	0.176900	0.062700	0.190400	0.529300	1.164000	13.170000	0.006472	0.011220	0.012820	0.008849	0.016920	0.002817	12.320000	16.180000	78.270000	457.500000	0.135800	0.150700	0.127500	0.087500	0.273300	0.080220
21.750000	20.990000	147.300000	1491.000000	0.094010	0.196100	0.219500	0.108800	0.172100	0.061940	1.167000	1.352000	8.867000	156.800000	0.005687	0.049600	0.063290	0.015610	0.019240	0.004614	28.190000	28.180000	195.900000	2384.000000	0.127200	0.472500	0.580700	0.184100	0.283300	0.088580
9.742000	15.670000	61.500000	289.900000	0.090370	0.046890	0.011030	0.014070	0.208100	0.063120	0.268400	1.409000	1.750000	16.390000	0.013800	0.010670	0.008347	0.009472	0.017980	0.004261	10.750000	20.880000	68.090000	355.200000	0.146700	0.093700	0.040430	0.051590	0.284100	0.081750
17.930000	24.480000	115.200000	998.900000	0.088550	0.070270	0.056990	0.047440	0.153800	0.055100	0.421200	1.433000	2.765000	45.810000	0.005444	0.011690	0.016220	0.008522	0.014190	0.002751	20.920000	34.690000	135.100000	1320.000000	0.131500	0.180600	0.208000	0.113600	0.250400	0.079480
11.890000	17.360000	76.200000	435.600000	0.122500	0.072100	0.059290	0.074040	0.201500	0.058750	0.641200	2.293000	4.021000	48.840000	0.014180	0.014890	0.012670	0.019100	0.026780	0.003002	12.400000	18.990000	79.460000	472.400000	0.135900	0.083680	0.071530	0.089460	0.222000	0.060330
11.330000	14.160000	71.790000	396.600000	0.093790	0.038720	0.001487	0.003333	0.195400	0.058210	0.237500	1.280000	1.565000	17.090000	0.008426	0.008998	0.001487	0.003333	0.023580	0.001627	12.200000	18.990000	77.370000	458.000000	0.125900	0.073480	0.004955	0.011110	0.275800	0.063860
18.810000	19.980000	120.900000	1102.000000	0.089230	0.058840	0.080200	0.058430	0.155000	0.049960	0.328300	0.828000	2.363000	36.740000	0.007571	0.011140	0.026230	0.014630	0.019300	0.001676	19.960000	24.300000	129.000000	1236.000000	0.124300	0.116000	0.221000	0.129400	0.256700	0.057370
13.590000	17.840000	86.240000	572.300000	0.079480	0.040520	0.019970	0.012380	0.157300	0.055200	0.258000	1.166000	1.683000	22.220000	0.003741	0.005274	0.010650	0.005044	0.013440	0.001126	15.500000	26.100000	98.910000	739.100000	0.105000	0.076220	0.106000	0.051850	0.233500	0.062630
13.850000	15.180000	88.990000	587.400000	0.095160	0.076880	0.044790	0.037110	0.211000	0.058530	0.247900	0.919500	1.830000	19.410000	0.004235	0.015410	0.014570	0.010430	0.015280	0.001593	14.980000	21.740000	98.370000	670.000000	0.118500	0.172400	0.145600	0.099930	0.295500	0.069120
19.160000	26.600000	126.200000	1138.000000	0.102000	0.145300	0.192100	0.096640	0.190200	0.062200	0.636100	1.001000	4.321000	69.650000	0.007392	0.024490	0.039880	0.012930	0.014350	0.003446	23.720000	35.900000	159.800000	1724.000000	0.178200	0.384100	0.575400	0.187200	0.325800	0.097200
11.740000	14.020000	74.240000	427.300000	0.078130	0.043400	0.022450	0.027630	0.210100	0.061130	0.561900	1.268000	3.717000	37.830000	0.008034	0.014420	0.015140	0.018460	0.029210	0.002005	13.310000	18.260000	84.700000	533.700000	0.103600	0.085000	0.067350	0.082900	0.310100	0.066880
19.400000	18.180000	127.200000	1145.000000	0.103700	0.144200	0.162600	0.094640	0.189300	0.058920	0.470900	0.995100	2.903000	53.160000	0.005654	0.021990	0.030590	0.014990	0.016230	0.001965	23.790000	28.650000	152.400000	1628.000000	0.151800	0.374900	0.431600	0.225200	0.359000	0.077870
16.240000	18.770000	108.800000	805.100000	0.106600	0.180200	0.194800	0.090520	0.187600	0.066840	0.287300	0.917300	2.464000	28.090000	0.004563	0.034810	0.038720	0.012090	0.013880	0.004081	18.550000	25.090000	126.900000	1031.000000	0.136500	0.470600	0.502600	0.173200	0.277000	0.106300
12.890000	15.700000	84.080000	516.600000	0.078180	0.095800	0.111500	0.033900	0.143200	0.059350	0.291300	1.389000	2.347000	23.290000	0.006418	0.039610	0.079270	0.017740	0.018780	0.003696	13.900000	19.690000	92.120000	595.600000	0.099260	0.231700	0.334400	0.101700	0.199900	0.071270
12.580000	18.400000	79.830000	489.000000	0.083930	0.042160	0.001860	0.002924	0.169700	0.058550	0.271900	1.350000	1.721000	22.450000	0.006383	0.008008	0.001860	0.002924	0.025710	0.002015	13.500000	23.080000	85.560000	564.100000	0.103800	0.066240	0.005579	0.008772	0.250500	0.064310
11.940000	20.760000	77.870000	441.000000	0.086050	0.101100	0.065740	0.037910	0.158800	0.067660	0.274200	1.390000	3.198000	21.910000	0.006719	0.051560	0.043870	0.016330	0.018720	0.008015	13.240000	27.290000	92.200000	546.100000	0.111600	0.281300	0.236500	0.115500	0.246500	0.099810
12.890000	13.120000	81.890000	515.900000	0.069550	0.037290	0.022600	0.011710	0.133700	0.055810	0.153200	0.469000	1.115000	12.680000	0.004731	0.013450	0.016520	0.005905	0.016190	0.002081	13.620000	15.540000	87.400000	577.000000	0.096160	0.114700	0.118600	0.053660	0.230900	0.069150
11.260000	19.960000	73.720000	394.100000	0.080200	0.118100	0.092740	0.055880	0.259500	0.062330	0.486600	1.905000	2.877000	34.680000	0.015740	0.082620	0.080990	0.034870	0.034180	0.006517	11.860000	22.330000	78.270000	437.600000	0.102800	0.184300	0.154600	0.093140	0.295500	0.070090
11.370000	18.890000	72.170000	396.000000	0.087130	0.050080	0.023990	0.021730	0.201300	0.059550	0.265600	1.974000	1.954000	17.490000	0.006538	0.013950	0.013760	0.009924	0.034160	0.002928	12.360000	26.140000	79.290000	459.300000	0.111800	0.097080	0.075290	0.062030	0.326700	0.069940
14.410000	19.730000	96.030000	651.000000	0.087570	0.167600	0.136200	0.066020	0.171400	0.071920	0.881100	1.770000	4.360000	77.110000	0.007762	0.106400	0.099600	0.027710	0.040770	0.022860	15.770000	22.130000	101.700000	767.300000	0.099830	0.247200	0.222000	0.102100	0.227200	0.087990
14.960000	19.100000	97.030000	687.300000	0.089920	0.098230	0.059400	0.048190	0.187900	0.058520	0.287700	0.948000	2.171000	24.870000	0.005332	0.021150	0.015360	0.011870	0.015220	0.002815	16.250000	26.190000	109.100000	809.800000	0.131300	0.303000	0.180400	0.148900	0.296200	0.084720
12.950000	16.020000	83.140000	513.700000	0.100500	0.079430	0.061550	0.033700	0.173000	0.064700	0.209400	0.763600	1.231000	17.670000	0.008725	0.020030	0.023350	0.011320	0.026250	0.004726	13.740000	19.930000	88.810000	585.400000	0.148300	0.206800	0.224100	0.105600	0.338000	0.095840
11.850000	17.460000	75.540000	432.700000	0.083720	0.056420	0.026880	0.022800	0.187500	0.057150	0.207000	1.238000	1.234000	13.880000	0.007595	0.015000	0.014120	0.008578	0.017920	0.001784	13.060000	25.750000	84.350000	517.800000	0.136900	0.175800	0.131600	0.091400	0.310100	0.070070
12.720000	13.780000	81.780000	492.100000	0.096670	0.083930	0.012880	0.019240	0.163800	0.061000	0.180700	0.693100	1.340000	13.380000	0.006064	0.011800	0.006564	0.007978	0.013740	0.001392	13.500000	17.480000	88.540000	553.700000	0.129800	0.147200	0.052330	0.063430	0.236900	0.069220
13.770000	13.270000	88.060000	582.700000	0.091980	0.062210	0.010630	0.019170	0.159200	0.059120	0.219100	0.694600	1.479000	17.740000	0.004348	0.008153	0.004272	0.006829	0.021540	0.001802	14.670000	16.930000	94.170000	661.100000	0.117000	0.107200	0.037320	0.058020	0.282300	0.067940
10.910000	12.350000	69.140000	363.700000	0.085180	0.047210	0.012360	0.013690	0.144900	0.060310	0.175300	1.027000	1.267000	11.090000	0.003478	0.012210	0.010720	0.009393	0.029410	0.003428	11.370000	14.820000	72.420000	392.200000	0.093120	0.075060	0.028840	0.031940	0.214300	0.066430
11.760000	18.140000	75.000000	431.100000	0.099680	0.059140	0.026850	0.035150	0.161900	0.062870	0.645000	2.105000	4.138000	49.110000	0.005596	0.010050	0.012720	0.014320	0.015750	0.002758	13.360000	23.390000	85.100000	553.600000	0.113700	0.079740	0.061200	0.071600	0.197800	0.069150
14.260000	18.170000	91.220000	633.100000	0.065760	0.052200	0.024750	0.013740	0.163500	0.055860	0.230000	0.669000	1.661000	20.560000	0.003169	0.013770	0.010790	0.005243	0.011030	0.001957	16.220000	25.260000	105.800000	819.700000	0.094450	0.216700	0.156500	0.075300	0.263600	0.076760
10.510000	23.090000	66.850000	334.200000	0.101500	0.067970	0.024950	0.018750	0.169500	0.065560	0.286800	1.143000	2.289000	20.560000	0.010170	0.014430	0.018610	0.012500	0.034640	0.001971	10.930000	24.220000	70.100000	362.700000	0.114300	0.086140	0.041580	0.031250	0.222700	0.067770
