10,6271,6277
10,6315,6303
9,8113,8097,8094
8,7024,7028,7019
8,6033,6082
8,8050,8041
10,8159,8099,8140
8,5225,5100
10,6213,6214
8,8026,6078
8,8120,8121
10,8144,8084,8096
8,6354,8028
8,8125,8082,8101
10,8122,8138
9,8481,7131
10,7476,7504
8,8424,8397,8392
9,6594,8077
8,7096,7021
8,8109,8070
8,7042,7022
8,7517,7475
9,8260,8214
9,8229,8247
9,8380,8399
9,8136,8090,8158
10,8114,8053,8049
8,8152,8151
10,8364,8356
8,7101,7095,6280
9,8071,8067,8006
8,6264,6272
10,8452,8451
8,7130,7153
9,8013,8021
8,8098,8104
8,7030,7041,7062
8,7074,7076
9,8480,8485
8,7527,7508
8,7546,7004
9,6319,5403
10,8482,8440
8,6050,6075
10,8354,8362
10,7103,7129
9,8448,8460
10,8254,8230,8258
8,6227,6226
10,6202,6278
9,6014,6052
10,8422,8368
10,8228,8226
9,5092,5084
8,8251,7040,3689
10,8134,8110
10,7138,7143
10,8130,8115
9,8456,8496,8695
10,7469,7522
9,8450,8490
10,8441,8475
9,8493,8492
10,8131,8102
10,8061,8081
10,8066,8057
10,8423,8417,8416
9,7037,7015
10,8068,8361
10,8016,8011
10,6225,7064
10,5362,6162
8,8137,8142
9,8038,8039
8,7089,7077
9,8135,8132
8,8044,8040
8,8003,8051,8023
8,6073,6070
8,7141,7065
9,8005,8064
9,8387,4229
9,8030
9,8033,8017
9,7195,7551,7185
8,7060,7026,7056
9,7043,7045
10,8128,8156
9,6337,6332
8,7211,7163,7227
8,7086,7132,7109
8,8034,8007
8,8025,8027,8035
