8,8554,8505
9,8627,8643,8649
8,8671,8684
9,8663,8633
9,8569,8568,8662
9,8553,8551
9,8517,8572,8581
10,8534,8578
10,8528,8583
9,8668,8634
9,8602,8595
8,8674
9,7555,8603
8,8641,8660
9,8576,8506
9,8586,8587,8590
8,8605,8608,8607
9,8541,8552
8,8546,8515
9,7702
9,8601,6750
10,7665
8,8667,8588,8596
8,7680,7685
9,8598,8646
10,8503,8574,8558
10,8518,8510
10,8529,8514
9,8615,8676
10,8555,8508,8556
8,8513,8502
10,8575,8573
9,8622,8591
8,8593,8613
9,8582,8531,8570
10,8538,8511
10,8525,8519
10,8579,8577
10,7727,7645
9,7648,7689
9,8626,8637,8632
10,8537,8563
9,8664,8639
9,8501,8521
8,7668,7659
9,8559,8512
10,8561,8542
8,8631,8623,8606
9,7717,7671,7644
8,8657,8681
9,7672,7651
9,8625,8611
10,8540,8527,8584
10,7675,7696
8,8522,8523
10,8685,8629,8600
10,8656,8658
10,8652,8682
10,8564,8562
10,8630,8661
10,8504,8507
10,8539,8550
10,8567,8547
10,8543,8544
9,7629,8580
8,8612,8549,8545
9,8530,8571
9,7656,7704
9,8526,8520
9,8653,6745
9,8560,8566
10,8557,8535
9,8592,8635
10,7699
9,5457
10,7713,8532
10,8524,8679,8665
